	shaking_mean	t00_mean	theta	prob	log2FC	length
HVO_RS00390	198.56374508885	23.1895003725843	0.54261844887828	0.804299545013269	3.09805858938161	1031
HVO_RS01805	1237.83139038512	562.74954978287	0.318338367483564	0.507280244667102	1.1372499104891	737
HVO_RS01800	3969.29295743556	4857.14561552313	-0.103497503381652	0.118068590550448	-0.291226692756964	194
HVO_RS01295	264.581926030621	155.12623843542	0.170711910452978	0.221413697991434	0.770271784404273	1307
HVO_RS01105	71.5052578566748	257.379912063937	-0.336565917557424	0.600487577741239	-1.84777822499261	410
HVO_RS00980	1960.5327383464	854.441423031764	0.316942631827616	0.505489664764131	1.19819223798401	422
HVO_RS19735	NA	NA	NA	NA	NA	253
HVO_RS19870	NA	NA	NA	NA	NA	455
HVO_RS19970	NA	NA	NA	NA	NA	1000
HVO_RS20040	NA	NA	NA	NA	NA	518
HVO_RS03945	2095.29598615002	1080.37251826157	0.394012697089987	0.602703623573194	0.955625209427796	584
HVO_RS03970	571.226202467871	80.7654038026802	0.559592509680421	0.819880421312565	2.8222528121429	1190
HVO_RS04250	399.252742367319	164.504365085061	0.246233364678469	0.392125935314715	1.27917645113653	1217
HVO_RS04680	28.5127127958254	402.682389300637	-0.667667443221372	0.919602913227777	-3.81996516579974	431
HVO_RS02705	28.1212339016035	514.731428569129	-0.720017077561563	0.933527423019326	-4.19408807019351	437
HVO_RS02765	313.185982995036	292.082384691315	0.0238757760362221	0.00163220531396779	0.100644291828421	1022
HVO_RS03020	549.90036376215	202.844676080372	0.331232683460019	0.523442981159981	1.43879480329738	767
HVO_RS03045	234.446905057283	108.674766667489	0.193877755120768	0.275914167875645	1.10924423606137	1436
HVO_RS03505	168.059523689154	890.617148287658	-0.5057862741902	0.816551372720462	-2.40583308986217	494
HVO_RS03525	510.868471050808	347.773446755408	0.110577733095956	0.0939019160988455	0.554804116574252	1103
HVO_RS02300	560.228852005	191.822692172697	0.344708127651349	0.53992566818334	1.54624288680752	740
HVO_RS02080	292.845030363632	470.110802375708	-0.147791475474191	0.217020988886038	-0.682863419836493	572
HVO_RS02060	86.1256763064297	419.63264532433	-0.427445234120445	0.746270908563642	-2.28461160493781	1040
HVO_RS02050	43.281380646659	376.221418746431	-0.512271043062881	0.821295918182778	-3.11976355959215	980
HVO_RS02405	3085.00518300585	3535.92044574515	-0.0731931063168016	0.0637444176896839	-0.19681290287323	284
HVO_RS03700	4406.39536963548	4475.78398478447	-0.00844464733322573	0.00326759622979045	-0.0225414604960316	284
HVO_RS02975	31.0979659923107	43.7688564041201	-0.0778252074215287	0.0710496708851698	-0.493084467753388	1385
HVO_RS02980	510.488043051082	1687.95488123474	-0.500213859945031	0.812450311449279	-1.72532726658561	323
HVO_RS03050	1676.38108407132	1569.87965149537	0.0460967441685053	0.0118450586156336	0.0946961826605001	443
HVO_RS01895	28.9505204923103	129.705157964709	-0.349635728846001	0.624311483471316	-2.1635746608371	1352
HVO_RS02410	90.86917862732	290.709705894653	-0.304638975064845	0.541699925893112	-1.6777162959797	683
HVO_RS19875	52.343185835048	230.016770181107	-0.398524109525205	0.706939063812058	-2.13566540886092	1340
HVO_RS03415	NA	NA	NA	NA	NA	191
HVO_RS03495	2479.27188383404	617.459804124497	0.583864998557477	0.838139316320251	2.00549936285129	284
HVO_RS20065	420.996762562819	1201.93761625457	-0.404979813615797	0.716479724101654	-1.5134809740811	485
HVO_RS20150	232.871410557689	345.142752673549	-0.121191748514006	0.155767638443486	-0.567659658941666	1115
HVO_RS20155	184.701550436812	319.262015695565	-0.156624356169055	0.237803405484206	-0.78954494123644	914
HVO_RS12045	66.6509871074219	194.198605291124	-0.27234714913428	0.481746335009914	-1.54283469251292	941
HVO_RS12620	299.016883823238	90.61010081411	0.329927482244449	0.521831569598596	1.72248315807782	557
HVO_RS13065	424.928124055385	1329.46214347273	-0.427929100828344	0.746852855656442	-1.64555195960684	368
HVO_RS13075	NA	NA	NA	NA	NA	632
HVO_RS13570	317.088399818805	124.221454870588	0.242914324976491	0.385437812678494	1.35197072996277	1799
HVO_RS13900	74.9123761513257	143.630908451751	-0.199521022960971	0.335756664737007	-0.939090252525744	1568
HVO_RS14410	29.9847033577098	448.054598690867	-0.647327595809705	0.911050701991536	-3.9013759405813	803
HVO_RS14555	502.160298675578	637.750149632646	-0.0786206663423729	0.0723420233487049	-0.344843360199296	1079
HVO_RS20240	271.504476673467	366.164903967543	-0.0912612092476869	0.0943500713011298	-0.431517532930327	1418
HVO_RS15595	126.663441372528	423.474156462138	-0.336707740102459	0.600747449633401	-1.74127374603651	1157
HVO_RS15620	194.859723492361	830.585870030218	-0.449193049428827	0.77005532260653	-2.09169340504116	500
HVO_RS16300	410.533669942596	1173.63167186529	-0.393540799232607	0.69929881330802	-1.51540725482888	416
HVO_RS16580	975.099359794578	449.597500830866	0.271207375992291	0.438342291160135	1.11691521669037	869
HVO_RS16585	740.979111419962	351.468082734661	0.247892841233796	0.395423002377273	1.07603919052594	1145
HVO_RS17290	13.2939003350389	250.793258602304	-0.670061231312859	0.920492404693113	-4.23766222037491	1220
HVO_RS18275	7951.58103704623	10733.6057476874	-0.167860122362231	0.264127203938475	-0.432821153595416	218
HVO_RS11115	898.657737819015	1757.56493774681	-0.307472694852398	0.546928620694104	-0.967734332754954	389
HVO_RS10905	648.516652450915	60.3545578129915	0.606808317759744	0.851261739432344	3.42560899148567	731
HVO_RS10150	27.016594428876	179.885034395215	-0.436558826278042	0.75681451391396	-2.73515743339415	2273
HVO_RS09760	1279.15138531331	518.453904006294	0.304976518605307	0.489668854105755	1.30289938561905	680
HVO_RS06910	250.411510448875	1882.38602752037	-0.668250459850667	0.919821895972188	-2.910189732931	206
HVO_RS06800	7796.27058077519	5410.33386551875	0.366697984740774	0.567021951512719	0.527066538408493	164
HVO_RS06545	38.6881111024826	1576.23145885856	-1.05156805348077	0.833106725849936	-5.34844529730825	233
HVO_RS06285	689.611416739521	351.012333927702	0.259169618419793	0.416989152867586	0.974261933836341	938
HVO_RS04825	1125.09551300156	627.467517798774	0.258975245802414	0.416630151486416	0.84243479978781	860
HVO_RS04920	60.6722856174418	49.7821104717004	0.0588466654418	0.0220286265475131	0.285410267427697	1043
HVO_RS04925	759.23460533386	156.994847508733	0.437363084287235	0.665064856574282	2.27382853942218	875
HVO_RS04930	2685.05559819583	1639.85645741051	0.268592789846855	0.433851238656034	0.711382425699098	179
HVO_RS04940	102.329683487233	99.5631173337282	0.00987235683291009	0	0.0395413913348068	1217
HVO_RS05635	912.431269060624	2524.49365997452	-0.521883277185465	0.828314589198787	-1.46820626036851	269
HVO_RS05640	221.684602516735	968.622343311439	-0.449919331927265	0.770771569832403	-2.12742571328541	407
HVO_RS20265	456.052123679274	365.705131481516	0.0967039894889933	0.0702271865875677	0.318517853766614	1232
HVO_RS12745	142.839004133553	674.30372701263	-0.449011969535644	0.769876241742035	-2.23900859108089	650
HVO_RS13530	NA	NA	NA	NA	NA	1127
HVO_RS20415	NA	NA	NA	NA	NA	335
HVO_RS20390	73.8693513122688	202.305673919501	-0.255300987508401	0.449422138577304	-1.45348896896345	2507
HVO_RS19435	169.497539611254	421.841311036099	-0.26342335997065	0.464915038083866	-1.31543605390192	1166
HVO_RS19465	116.20964837188	208.716053036079	-0.156386887432528	0.237244864588875	-0.844811712883722	1154
HVO_RS19470	706.706129356785	231.165117350982	0.358695606356983	0.557056319670932	1.61218670911972	554
HVO_RS19545	166.988505530655	128.393667380068	0.0706251320233739	0.0342241880724851	0.379174752046325	1190
HVO_RS19360	916.04076691061	118.352573826282	0.646850281380071	0.866231279769695	2.95232072369748	899
