	shaking_mean	t00_mean	theta	prob	log2FC	length
HVO_RS00705	107.587412562894	205.062470004438	-0.190181500425324	0.0600133186662761	-0.930554181374139	695
HVO_RS00635	171.33139690373	141.046368416259	0.0535567124880101	0.215903506283997	0.280620032406664	863
HVO_RS00570	21.7643310300257	288.616260946714	-0.560444334407146	0.873769850391604	-3.72911500326977	1949
HVO_RS00350	86.2353580437744	336.995776112253	-0.328855950474577	0.509582910552549	-1.96637908227834	530
HVO_RS00090	42.3145751025399	720.848170439414	-0.661140281765818	0.914108845543901	-4.0904688368335	653
HVO_RS01720	63.1835531515759	1054.85257540919	-0.691517503547738	0.919642021009408	-4.06134850405162	524
HVO_RS01710	5.57714021120149	135.771470407283	-0.665528296662446	0.915017561085508	-4.60551100712136	2303
HVO_RS01330	9.77601929837285	271.401725929843	-0.703287861511888	0.921356363314026	-4.79503895200217	1706
HVO_RS00950	4001.76237523775	3653.67937277325	0.0474576347687149	0.20565924897259	0.13128546614278	371
HVO_RS00945	250.860608324943	1888.56640532727	-0.610362736255674	0.899806494191273	-2.91233365957428	311
HVO_RS00895	165.598035927205	142.621806584951	0.0346149836708841	0.183623525054899	0.215490978085181	974
HVO_RS00770	131.374467971977	1090.72724389442	-0.566150650008003	0.877528081212807	-3.05353354791318	548
HVO_RS00755	2020.07803466257	2088.14853238566	-0.0245265819077641	0.080618657099823	-0.047813311417584	413
HVO_RS19935	NA	NA	NA	NA	NA	245
HVO_RS03435	NA	NA	NA	NA	NA	434
HVO_RS04090	240.206413550769	624.269970026844	-0.275641137457082	0.312275820301051	-1.37789539609932	872
HVO_RS04280	121.961445714093	901.833946177773	-0.545425728837305	0.863003717101061	-2.88643665880646	599
HVO_RS04545	26.3996931130562	484.407458875836	-0.650479801381736	0.911726444313699	-4.19762801574899	611
HVO_RS04675	713.54512613615	2016.95843252659	-0.402448948752388	0.706339977226178	-1.4991047749198	368
HVO_RS02480	84.6631432137715	629.620793785379	-0.488133030566427	0.812871279866618	-2.89467723148769	611
HVO_RS02940	260.663797123839	1086.02807552024	-0.478225183410203	0.802860262184808	-2.05879926957966	527
HVO_RS03305	19.2790440852958	924.52865014225	-0.906169614155453	0.949998766007992	-5.58361260271372	581
HVO_RS01920	NA	NA	NA	NA	NA	449
HVO_RS02130	23.6495384625551	622.518289726128	-0.738579919578372	0.925163708923178	-4.71823229076586	821
HVO_RS19745	104.506535586713	904.721173575467	-0.547790050476824	0.864777228932555	-3.11388006806802	626
HVO_RS02045	737.100089268186	2431.34117167729	-0.482395239579664	0.807125270235984	-1.72181991177642	302
HVO_RS02040	877.342791509069	1918.13178483217	-0.352194477783098	0.587430899612372	-1.12848930243429	425
HVO_RS01975	NA	NA	NA	NA	NA	683
HVO_RS01970	2739.29834445602	2425.13022966881	0.103799885179089	0.292487855578381	0.175744180245299	167
HVO_RS01960	686.955517248736	1869.98136900913	-0.379918701971669	0.661709222654709	-1.44473530865597	395
HVO_RS01955	30.6917284112849	758.484222951196	-0.740079339082222	0.925275914291974	-4.62719737274388	704
HVO_RS03500	2290.09823514888	569.767544223859	0.553028125207824	0.534684068742266	2.00696413632082	296
HVO_RS02535	45.6562958053504	452.44570793409	-0.517664072163503	0.840331129482779	-3.30885896326729	1169
HVO_RS03835	96.5019419714415	519.954866565415	-0.420070211686806	0.733764200804354	-2.42975651892962	1166
HVO_RS03085	2143.91133531274	963.356222274973	0.402552411880867	0.485224035775353	1.1541039719559	317
HVO_RS03550	170.212303589136	61.2078239305063	0.283690649072408	0.432146220853377	1.47554734098355	1019
HVO_RS02965	636.200981351605	1948.88066707514	-0.434604757513878	0.753229110470949	-1.61509125251533	374
HVO_RS19945	42.5534543688985	618.350828820857	-0.615254608265057	0.901587184382254	-3.86107744522322	881
HVO_RS02380	377.855442946645	615.615187960366	-0.144913020651653	0.00849513914515143	-0.704194420379118	1166
HVO_RS03005	42.4858274269533	460.295741394371	-0.540952027696207	0.859574294567124	-3.43750752768251	1166
HVO_RS20080	NA	NA	NA	NA	NA	194
HVO_RS02165	73.1179334430458	219.263057405927	-0.276710286921744	0.316204625207641	-1.58436555892619	1499
HVO_RS03490	52.8193449919858	456.181318968781	-0.490633338346715	0.815331873263231	-3.11046905221784	1166
HVO_RS02455	16572.79614281	19302.6582410961	-0.0792473481602934	0.0125156325725843	-0.21998250717468	878
HVO_RS03695	139.085825107475	418.907814952076	-0.279606901384652	0.326886371784623	-1.59065740319754	683
HVO_RS19720	505.100296444098	2928.62494141774	-0.594446116477466	0.893151941736338	-2.53558165062152	200
HVO_RS19805	696.823259892071	2650.90660393707	-0.506820742545763	0.83064538354175	-1.927621155566	233
HVO_RS20145	724.818315948092	1247.73271828981	-0.206187586465704	0.0930727588689628	-0.783617604502178	719
HVO_RS20160	149.752089091041	309.408561205769	-0.20436117774983	0.0888783194015261	-1.04693698688279	1430
HVO_RS20165	163.64103458522	270.955006710652	-0.153252004048983	0.0140021935378128	-0.727518742014394	1373
HVO_RS12285	314.020321564286	247.759974081776	0.0582937248202103	0.223745293619199	0.341914787744671	1193
HVO_RS12345	147.0914207912	125.797229348429	0.0580848101598346	0.223401703967412	0.225612955280529	1877
HVO_RS12475	58.2699288096825	1136.12087209212	-0.733740022477166	0.924770509781892	-4.28522097325502	446
HVO_RS12560	806.615048082644	394.20253621855	0.27071314372171	0.425980041276803	1.03294326226885	920
HVO_RS12625	276.024450845815	68.5078110472957	0.334123427409978	0.456171105458232	2.01045567556636	1208
HVO_RS12645	73.2481899367827	1258.70360700159	-0.727828495048039	0.924230234535686	-4.10300168547318	452
HVO_RS12715	233.060027782601	978.593854016421	-0.413910791563795	0.724752751529557	-2.07000863357674	464
HVO_RS12795	325.257474632703	256.302815306808	0.0580204542936834	0.223295753203142	0.343732885703359	1931
HVO_RS12855	193.544273879289	147.830112925238	0.065002611117331	0.234662042639695	0.388723449555662	1712
HVO_RS12955	650.791199863603	32.7736681591972	0.736631121400318	0.494244138607157	4.31158568352137	734
HVO_RS13045	149.247652935937	1365.94750261298	-0.609243517380208	0.899383239723653	-3.19412188866978	431
HVO_RS13100	158.33067773225	388.916143431854	-0.240317619962014	0.189124549470179	-1.29651830519107	683
HVO_RS13115	340.824099329429	913.162167511467	-0.309884455061887	0.440144385421759	-1.42184373897446	854
HVO_RS13545	770.921026607746	1441.38557510849	-0.305143637431078	0.422402973974492	-0.902801329845773	389
HVO_RS13795	4393.15322671836	3873.10808277297	0.104404765108111	0.293307062446234	0.181765057679443	305
HVO_RS13805	3461.58162183456	2834.86659343734	0.100298593765306	0.287689815437473	0.288150521676766	197
HVO_RS13810	1212.82461975777	583.243689155926	0.318991369657897	0.448752945705182	1.05620024785417	572
HVO_RS14080	33.1038910170846	52.0063129464189	-0.114382219378731	0	-0.651685959110645	1964
HVO_RS14085	306.66660193995	301.748716461184	0.0042302113704877	0.130076599482967	0.0233234216976575	473
HVO_RS14205	216.532682691662	1053.46373986168	-0.448795152675787	0.770510947180296	-2.28248395567839	593
HVO_RS14460	112.210803695476	436.866572545814	-0.352166571357217	0.587345440448233	-1.96098113436733	461
HVO_RS14600	614.423502060617	256.918780819319	0.280569843913383	0.430683661100961	1.25792104563106	932
HVO_RS14635	472.053475471578	1193.37257674331	-0.322902586101353	0.488179871027215	-1.33802232350863	620
HVO_RS14640	185.123556881962	97.5151343573014	0.147383910435277	0.343875570395851	0.924790441380171	1112
HVO_RS14935	354.158381559247	217.877170088245	0.128380740335177	0.323458256389047	0.700879651829413	818
HVO_RS14985	213.001008955394	2187.77089639102	-0.699804365435002	0.920871798050447	-3.36052949743648	266
HVO_RS15030	423.829510144794	3199.74491611555	-0.682279006345411	0.91813798594611	-2.91640095053133	197
HVO_RS15300	196.336256045465	950.351653068541	-0.453330546421898	0.775772236407376	-2.27513483442372	707
HVO_RS15530	219.768094411525	1223.6387284054	-0.497553353257533	0.822007119225575	-2.47712381592124	512
HVO_RS15550	158.656250184265	1093.28704448143	-0.527885233797983	0.849047811738619	-2.78469597118021	509
HVO_RS15585	3296.06893859905	4725.61500560777	-0.192229477825931	0.063775845639266	-0.519755680800738	353
HVO_RS15625	788.72428542621	649.72912854488	0.060812883195734	0.227871341608126	0.279682679757914	932
HVO_RS15645	69.0547365477212	1347.44844087813	-0.758098987063465	0.926270596460144	-4.28634588607453	416
HVO_RS15650	10.6887045021632	257.608086550086	-0.667633594547062	0.915439313050537	-4.59101897115771	1919
HVO_RS15690	NA	NA	NA	NA	NA	632
HVO_RS15710	62.053793737887	98.9428316496442	-0.111229118122625	0.00011262237971299	-0.673075774591238	1169
HVO_RS15770	8639.13826621228	7988.11806081756	0.0434839726607791	0.198902468013053	0.113031758789558	374
HVO_RS15840	66.6735293468973	1402.36141490247	-0.777706907531348	0.926746380504188	-4.39460029883499	398
HVO_RS15990	261.652849772941	289.065530488067	-0.030466333743795	0.0710637323101293	-0.143742613390237	1241
HVO_RS16010	86.2451136910455	637.294231264183	-0.485797587888108	0.810549374351059	-2.88544497487135	803
HVO_RS16125	2739.35429693262	2433.60454613638	0.101071866386461	0.288756827359016	0.170741117185549	377
HVO_RS16415	111.284468080604	680.753684008	-0.457569742860667	0.780591678670301	-2.61288063418539	893
HVO_RS16505	2299.81010644461	4993.68421179013	-0.448231933377319	0.769849680875923	-1.11858984782778	188
HVO_RS16635	44102.113181723	29327.8042270224	0.234504006959483	0.406817095286932	0.588578724572616	188
HVO_RS16710	NA	NA	NA	NA	NA	326
HVO_RS16735	114.941625666732	445.482963447933	-0.348357456418744	0.575460003178426	-1.95446890092687	917
HVO_RS16740	352.553954405179	361.086779930911	-0.00668173472151618	0.110901595301272	-0.0345015388556848	626
HVO_RS16790	559.410419195088	470.196546928437	0.0541722915404295	0.216928487167255	0.250643180676824	569
HVO_RS16820	2467.03883978703	5297.91469125347	-0.453391824921138	0.77584260293718	-1.10264418428607	209
HVO_RS16925	30.0691086105863	552.61370607048	-0.657974175719278	0.913427599167067	-4.19991733928528	1010
HVO_RS16965	424.909996236398	301.069884982856	0.0959896908858004	0.281661350877487	0.49705887692498	1469
HVO_RS16970	1224.05361492047	990.060940185404	0.0808964378840693	0.25952689841258	0.306077517337908	497
HVO_RS16975	1328.32117715293	1071.2399956189	0.0840320126476443	0.264250153308905	0.310322289701575	464
HVO_RS16980	867.074994257815	693.144137275573	0.0688623977509163	0.240835643721423	0.323001391373462	644
HVO_RS16985	1249.81360387175	950.588657735821	0.113976082240725	0.305901995906436	0.394819855769386	554
HVO_RS16990	1997.89853498707	1536.04885802141	0.172107910215798	0.36581466126551	0.379259211019859	455
HVO_RS17000	1337.17027311067	1119.11275437996	0.0824882037053455	0.261932193826045	0.256827787570983	536
HVO_RS17005	1623.50496298747	1311.48389702599	0.0884886760478055	0.27085280540217	0.307911701220057	392
HVO_RS17010	3987.40086549245	3320.04736864612	0.113074745194208	0.304746740541183	0.264244825816553	176
HVO_RS17015	1444.71950074308	1203.56618316899	0.0903189553448797	0.273526125886499	0.263473937043416	518
HVO_RS17020	754.228654741452	613.99071112135	0.0621067876358517	0.229978095689822	0.296785132889812	743
HVO_RS17025	1605.98775083611	1368.32284881606	0.0636008723429344	0.232401148951803	0.231052222252799	356
HVO_RS17030	1375.47428337457	1143.45665800133	0.0670072859032621	0.237879005997212	0.266527484138155	398
HVO_RS17040	1497.24874062934	1550.02545472502	-0.0186079181478288	0.0904448506092211	-0.0499779889921496	431
HVO_RS17045	7670.43663616702	6227.56215902016	0.1750556809334	0.368121128381317	0.300641188358066	212
HVO_RS17050	703.543268166469	562.156173366673	0.0742768533054337	0.249352114300388	0.323668169269539	914
HVO_RS17055	1567.5547467339	1274.83706365598	0.100052520406713	0.287348930456	0.298202961254116	461
HVO_RS17060	1684.63689387145	1335.7280335909	0.107263751981916	0.297143803160444	0.334811375014491	422
HVO_RS17065	867.034269581514	717.217962919571	0.0687643041385289	0.240679953308874	0.273677395832378	725
HVO_RS17070	2811.9066409653	2333.40802501434	0.108437045134157	0.298701146272927	0.269110093509404	251
HVO_RS17075	743.848690701625	629.191584161592	0.0524430044119323	0.214044265509276	0.241509812772602	746
HVO_RS17080	596.721367888871	470.552295901027	0.0735505151650644	0.248219209711023	0.342702369963699	1016
HVO_RS17085	978.811902197184	1036.65033639735	-0.0306945780683294	0.0707023887780355	-0.0828258035758258	842
HVO_RS17200	283.848957552213	260.037642751616	0.0279302012601767	0.171956530660499	0.126402962007065	1259
HVO_RS17370	320.448476182541	115.435200479117	0.28610279061327	0.433270390651063	1.47300918711309	1649
HVO_RS17375	265.496143113615	223.843351850987	0.0411393618731746	0.194889152084143	0.246201432195255	917
HVO_RS17380	1975.76142873911	1585.46724033932	0.0814194071127898	0.260319044427847	0.317500685308959	320
HVO_RS17530	780.499057206784	609.077543652407	0.0890838276344722	0.271724740479573	0.357770975475661	686
HVO_RS20305	15886.2741453608	14012.1179809213	0.0859771807626599	0.267147786527944	0.181105764162204	176
HVO_RS17855	19076.6719827204	16917.9648593244	0.0706832074297606	0.243718137158157	0.173253477799107	230
HVO_RS17925	4023.31219072768	3289.80824601288	0.14893763730587	0.345405412963398	0.290380193244988	362
HVO_RS17930	6581.87524877531	5239.60249420072	0.205653124666114	0.38938440406786	0.329041317307851	224
HVO_RS17935	6280.47204100162	5154.0729723684	0.198618282117931	0.384832232664889	0.285160033018044	200
HVO_RS17940	821.814997402725	685.591300417245	0.0566782884066482	0.221083106575089	0.261464855696894	464
HVO_RS17950	302.865604998063	242.018600689597	0.0534571439184669	0.215737484243269	0.323559815267422	1073
HVO_RS17980	2533.15799078516	1457.36604871513	0.329082759715066	0.453689613682299	0.797573772753541	356
HVO_RS18000	2152.22751034091	3471.0484568446	-0.324598795454544	0.494323679588555	-0.6895409135925	266
HVO_RS18005	18334.775252667	20718.1556359709	-0.0706867727412663	0.0195228752057163	-0.176312996044449	179
HVO_RS18015	3643.26690875359	2605.55271286031	0.281580739581008	0.431158586042203	0.483643249801334	341
HVO_RS18020	915.178793088184	713.591448717948	0.12932864813168	0.324552045484215	0.358955294852381	1046
HVO_RS18025	1379.09017124425	1086.61573216466	0.132694156790672	0.328371711239423	0.343874950157874	638
HVO_RS18030	8090.64893455469	5791.42718038365	0.190918122143895	0.379656517372319	0.482336507828467	479
HVO_RS18105	800.430664638738	649.713629345515	0.0704730642578857	0.243386573859246	0.300972468613877	782
HVO_RS18110	190.074290076555	180.186081181416	0.0160522753486541	0.151012360335455	0.0770758309298001	1199
HVO_RS18115	14845.8478011045	7706.13768694001	0.413167217660674	0.489188050621615	0.945979615361627	176
HVO_RS18120	6964.55506225013	3597.71629632402	0.491310753042255	0.515657899938365	0.952949762668228	194
HVO_RS18125	1369.53713447311	1112.83646187249	0.0707964424810219	0.243896606484362	0.299446789302727	398
HVO_RS18130	1455.46578626805	1185.98920581547	0.0862467814474719	0.267547853064681	0.295390046958282	437
HVO_RS18135	3811.19127381846	2967.24254871067	0.193078070502653	0.381131713086123	0.361119154497976	350
HVO_RS18145	982.198630266312	447.289501366291	0.331041834927959	0.454654247172377	1.13480591434054	779
HVO_RS18150	1930.42468841928	1540.25533023218	0.117619667386719	0.310505757105477	0.325748743299317	392
HVO_RS18155	1499.97591086553	1210.84002085173	0.107396272830566	0.2973203987384	0.308931066463203	527
HVO_RS18160	4556.88093399333	3945.90404127165	0.0874089811033712	0.269265859395286	0.20769080289436	503
HVO_RS18225	941.661579526228	806.670791213909	0.047817388178781	0.206267938069068	0.223228649585166	695
HVO_RS20310	616.586609607035	525.25756054797	0.0468135797357106	0.204567605757418	0.231278535645727	1154
HVO_RS11955	519.319788990632	41.7208952477006	0.678277401292794	0.455930267272126	3.63778118055118	608
HVO_RS11720	524.867417190868	105.359949705943	0.413031971874682	0.489136701000427	2.31662647842927	914
HVO_RS11705	184.765009357515	176.502015998091	0.0118199327181888	0.14351588663065	0.0660069042563272	1286
HVO_RS11700	691.619008366848	565.679385714372	0.0592541460973586	0.225321782751992	0.289992922604399	470
HVO_RS11455	376.610753051892	544.877133448979	-0.117849123108122	9.39099001473487e-05	-0.532856754811328	1133
HVO_RS11405	768.494854810181	1236.30883731284	-0.176764015200017	0.0387097974001445	-0.685931676081571	455
HVO_RS11250	6466.97415561677	9413.05539644831	-0.225855839887283	0.144686660185787	-0.54157224045313	206
HVO_RS11245	1110.25007046466	1474.34431768114	-0.146250811895788	0.009278181609228	-0.409188827236685	392
HVO_RS11065	1742.01190847106	691.145080475702	0.415219192399597	0.489970163086635	1.33369399804928	311
HVO_RS10710	902.709064981455	1129.62919903342	-0.0812098426406893	0.0111333612506467	-0.323516285383062	428
HVO_RS10340	169.20583018953	1018.03435916045	-0.499800543815679	0.824132886545669	-2.58893506969028	542
HVO_RS10305	1173.64427752957	3171.20741880311	-0.489544668919615	0.814263872688307	-1.43403703768565	248
HVO_RS10300	406.762762081086	541.791687618275	-0.080121417492062	0.0118883832193188	-0.413550648505396	908
HVO_RS10190	154.249749736437	2121.18647276156	-0.754883946224156	0.926140322386152	-3.78153139948156	275
HVO_RS10185	211.020041585189	1713.95315829523	-0.616654499380554	0.902076055528078	-3.02187575145029	323
HVO_RS10170	178.259296258853	278.89773444846	-0.120920086859582	0.000363914066760174	-0.645758899591264	848
HVO_RS09940	1439.0357338229	784.939333902281	0.232084149135081	0.405422421550735	0.874449356262312	758
HVO_RS09845	419.804653995408	358.126438302517	0.0474655684151666	0.205672691433761	0.22924913256357	566
HVO_RS09565	748.056169861588	748.209478144254	-7.877576427123e-05	0.122472300609322	-0.000295638812799051	758
HVO_RS09430	266.28979504179	195.949374240141	0.0735320808900157	0.248190429340148	0.442516175827515	1529
HVO_RS09415	1136.6492056436	835.079087157068	0.104016661735056	0.292782362065932	0.444802334930804	368
HVO_RS09410	2213.34632060982	1684.47384883628	0.158793909210167	0.354615408499614	0.393931175149623	260
HVO_RS09405	1488.01927204443	1327.73317013503	0.0693779978053933	0.241653484419697	0.164427969129113	461
HVO_RS09390	701.289922779025	437.823327620886	0.173963641880192	0.367273448458314	0.679662172623838	701
HVO_RS09360	28.2153426520616	96.0254709765189	-0.282295136887823	0.336843366364794	-1.7669372647361	1154
HVO_RS09085	87.4431157869345	254.666481461215	-0.26105129275005	0.259592199307077	-1.54219237496826	911
HVO_RS09065	183.513125895128	444.173866080207	-0.253877401134658	0.234501822526498	-1.2752412548766	1109
HVO_RS09060	867.249903096161	3567.73591681721	-0.611686428564193	0.90029959877398	-2.04048915175598	203
HVO_RS08955	281.844396339438	267.982456119093	0.0138449141217154	0.147104001957828	0.0727603284069576	1760
HVO_RS08935	1208.47839488583	4531.90739190854	-0.708162125930991	0.922002928516047	-1.90692669953684	191
HVO_RS08920	2345.84239168691	2505.74394396215	-0.0289676864309763	0.0734416902029887	-0.0951329092256026	923
HVO_RS08875	307.55405730646	265.625366970632	0.0356408817313402	0.185404091514062	0.211447079078057	1466
HVO_RS08820	464.126436332211	149.940722130824	0.333475105010051	0.455852000195503	1.63012561934431	1430
HVO_RS08815	846.068970285595	339.205460841838	0.335507253233488	0.456851642156731	1.31861587857437	905
HVO_RS08670	1984.95857278608	5338.13861916694	-0.563837650828021	0.876027979157711	-1.42722787161747	257
HVO_RS08570	571.438497727152	2420.5099209881	-0.54757292970068	0.864615921418962	-2.08264086859856	287
HVO_RS08515	741.930391159858	636.720465589987	0.0554567489382609	0.219060928448159	0.220623701391837	1007
HVO_RS08450	849.370858517466	701.463479707715	0.0724750674579528	0.246537621777253	0.276026616630489	545
HVO_RS08200	1190.20545535876	888.213230334836	0.14180293573353	0.338211077180671	0.422232669417576	533
HVO_RS08070	8378.57923061006	7117.15870469136	0.110225656275528	0.301052760560715	0.235404217690787	281
HVO_RS08065	3355.9720722445	2882.56393979021	0.0839132856896492	0.264072517906634	0.219378100525237	194
HVO_RS08060	935.142859845583	783.706408295953	0.0665255562874396	0.23710773851548	0.254873485530245	800
HVO_RS08055	2068.981810438	2553.30012141372	-0.0895563208234442	0.00617978513116479	-0.303442164045174	191
HVO_RS08030	508.429823131618	460.089205961466	0.027111087831712	0.170520063886313	0.144135047323475	860
HVO_RS07955	92.609851009853	110.402168421873	-0.0627277863141106	0.0274242760508007	-0.253530940746041	1304
HVO_RS07845	10609.6114008258	10022.395995354	0.036732074128361	0.18729359273226	0.0821443691045609	269
HVO_RS07395	NA	NA	NA	NA	NA	590
HVO_RS07045	1952.02020356479	1514.28463950856	0.185404787443881	0.375797298573847	0.366331571334	530
HVO_RS07000	32.9374646365009	813.024934585996	-0.748949343425534	0.925847361299351	-4.62549818595318	656
HVO_RS06950	279.327388595915	194.235150035372	0.125695140994448	0.320317484522222	0.524152735911995	1139
HVO_RS06875	104.307236858888	85.373314012184	0.0429490016778577	0.197988435022173	0.288982167974094	2876
HVO_RS06735	279.236665932231	283.874126048886	-0.00400835795842759	0.115572252024754	-0.0237629683813489	1814
HVO_RS06705	41.5341127617662	189.154890189993	-0.341798196698408	0.55417134400646	-2.18719943314028	1496
HVO_RS06440	2605.86850669665	2264.75699026902	0.0917662583918478	0.275623750529124	0.202408030132199	308
HVO_RS06435	1161.71193965093	952.855772799062	0.101818109402009	0.289782762522139	0.285922614639468	1265
HVO_RS06420	153.37102726516	284.675164081098	-0.189653886932583	0.0590683513805494	-0.892290658938164	2183
HVO_RS06410	1378.82393644515	1228.31914642877	0.0632389924875419	0.231815251392114	0.166752793504633	614
HVO_RS06405	3017.24876743381	2690.81656361188	0.0839608674388334	0.264143705906291	0.16518960535997	428
HVO_RS06325	3151.5723541327	4701.92741304154	-0.224702101047189	0.141355191019762	-0.577180482607189	254
HVO_RS06245	1081.61197080282	688.913620601229	0.178197975010445	0.370518119894721	0.650788016793017	707
HVO_RS06235	292.461429162398	71.6224056087426	0.365799063796007	0.47101313643527	2.02976348863944	1406
HVO_RS06230	256.593765508567	76.4195789686203	0.345327980258489	0.461638373230377	1.74747190316323	1760
HVO_RS06225	1689.13662706677	767.377707792857	0.350639478185836	0.464169628129509	1.13827726572773	320
HVO_RS06220	382.240308173768	90.3335475519844	0.372462951728033	0.473806759911222	2.08114614995616	1046
HVO_RS06215	739.44553311523	203.158850730567	0.404524732798696	0.485952353842362	1.86383566586877	584
HVO_RS06210	7733.4323672292	6697.74119311293	0.0705424415203683	0.243496281835183	0.207434244651315	257
HVO_RS06200	2516.8599968203	1932.92761424875	0.136163521840734	0.332205726825426	0.380837355776172	332
HVO_RS18570	1592.36842997976	3525.29669158885	-0.412336752904778	0.722358873797206	-1.14657050670377	287
HVO_RS18660	1531.17148450966	135.913429672285	0.700311285477271	0.459262743329463	3.49387594575915	443
HVO_RS18685	1037.55048150564	825.401678588114	0.0717955140191366	0.245470102977393	0.330013254366286	587
HVO_RS18880	150.124933943678	1469.71978364049	-0.626114796989133	0.905165721151177	-3.29130560120554	392
HVO_RS18885	203.815876312861	368.444610058145	-0.143557103724541	0.00773929037426435	-0.854181313618655	1190
HVO_RS18960	285.140178428249	220.777296108392	0.0619885811012039	0.2297860671978	0.369079521834919	1499
HVO_RS19080	528.24823039897	1197.39046392782	-0.285251941104477	0.347838807479434	-1.18060575137413	692
HVO_RS19125	1000.57456114433	847.916442767718	0.0535169467663006	0.215837201843269	0.238834670770274	680
HVO_RS19255	951.936866827153	736.971553921784	0.113855206272807	0.30574768618871	0.369256961709267	914
HVO_RS04975	55.8139806888452	1199.93777375493	-0.755863492109585	0.926182015356774	-4.42618923843094	446
HVO_RS04980	34.3319980005522	33.6699440541714	0.00548385889555401	0.132293269968104	0.0280924954824219	1334
HVO_RS04985	145.2418572684	34.6615167452836	0.353645466934783	0.465575643693849	2.06705059216365	1079
HVO_RS04990	106.917153468074	24.5902046569508	0.347816728206208	0.462831404101048	2.12033768608412	1439
HVO_RS04995	165.344458872573	54.3123727058333	0.310283487793419	0.444566702091042	1.60612190209692	1049
HVO_RS05250	27104.2235603884	23218.0576729209	0.0984305001575697	0.285092118751082	0.223270392107318	152
HVO_RS05255	4792.60874136414	4451.22696669084	0.0606192075806111	0.22755526386514	0.106608100892697	278
HVO_RS05260	952.62626072709	771.07428156358	0.0659531173969301	0.236190249960374	0.305040470446657	665
HVO_RS05375	687.936069713755	566.38467510226	0.0578528000248906	0.223019723128324	0.280492270324691	986
HVO_RS05455	63.9794441065746	1247.07989830016	-0.748457970503443	0.925820006191496	-4.28480163146371	449
HVO_RS05560	263.399676276211	255.973361644789	0.00888994778506017	0.138323339293021	0.041259891261926	743
HVO_RS05595	1280.35573360071	1171.19790586566	0.0341743896359967	0.182858034998388	0.128559824660305	176
HVO_RS05655	22826.2333118134	20867.8932474426	0.0509174492508385	0.211490170926475	0.129407853593823	167
HVO_RS05875	939.243655650219	964.77291358953	-0.00943566422324134	0.10611738693999	-0.0386899376635102	458
HVO_RS09050	963.318729587758	2342.63942073765	-0.386234366567027	0.675534751371263	-1.28204979038058	359
HVO_RS05545	6732.51374978669	10355.3124490771	-0.254226750071726	0.235708129002238	-0.621153908153585	203
HVO_RS11375	1808.89821874982	697.588012726894	0.37861984818218	0.476272839790479	1.37466407980872	320
HVO_RS15735	122.249239038781	126.474296925408	-0.0100606762322508	0.10503619196616	-0.049018734276047	1022
HVO_RS12020	25.5107983453768	444.237980734368	-0.630500197275838	0.906481841439965	-4.12215279029644	1169
HVO_RS18675	6.1177845305362	34.6596815049146	-0.384196360980414	0.67119340776665	-2.50217719640504	2189
HVO_RS15640	20.3046608135856	70.0037212725599	-0.269316963242478	0.28920865965294	-1.78562068773082	4193
HVO_RS06205	187.659659358515	46.7998725714448	0.345384544791327	0.461665525767029	2.00354204491643	2201
HVO_RS17035	1833.81457063436	1427.17299284065	0.104402224164026	0.293303625879448	0.361687545939421	344
HVO_RS12050	13.5418971274258	55.2243444492839	-0.355308066396918	0.596861185071362	-2.02787452309905	3164
HVO_RS13495	1592.09127474608	1475.52111020148	0.0328717852195777	0.180592753187111	0.109698486619907	581
HVO_RS16995	798.623298315749	660.877369005346	0.061086809729147	0.228317863645823	0.273132567315467	707
HVO_RS13270	20.8257989360806	431.413406984804	-0.656590688024812	0.913123233746561	-4.372627264068	1169
HVO_RS15720	589.588428235038	501.236221752184	0.0481111242143615	0.206764082199678	0.234217534604343	1244
HVO_RS16220	304.286940495115	3115.55844831674	-0.742305752374672	0.925434574438729	-3.3559864601717	188
HVO_RS15560	140.323918695415	1794.7036202164	-0.701866875830653	0.92116097577293	-3.67691276773635	314
HVO_RS18335	38.6287966914061	444.750963684351	-0.543761977462201	0.86173945911023	-3.52524908889477	1169
HVO_RS12405	579.740649495682	42.7790726789436	0.658701801500043	0.46781750636442	3.76043053147607	1046
HVO_RS06850	459.889993551647	110.133912253529	0.401607219405095	0.484877032624134	2.06203003779338	1046
HVO_RS15590	117.024542993779	472.021576121303	-0.356711929282472	0.601029156821519	-2.01204167570685	1481
HVO_RS14660	515.438930623918	552.375365336036	-0.0193243197288157	0.0892409683505033	-0.0998474734380903	2483
HVO_RS15535	79.8003780030069	810.606307209217	-0.571179023633942	0.880674939846676	-3.34453391541066	710
HVO_RS10205	1299.95628258823	1043.9572717231	0.113886834644377	0.305788058337579	0.316400441522358	662
HVO_RS15305	363.97136152014	310.211861844659	0.0556212661182316	0.219333605650156	0.230571085803357	1175
HVO_RS14655	NA	NA	NA	NA	NA	1529
HVO_RS15685	NA	NA	NA	NA	NA	272
HVO_RS16920	271.031073528756	1909.10584378558	-0.589595249237244	0.890832340267994	-2.81636692002511	302
HVO_RS15695	NA	NA	NA	NA	NA	290
HVO_RS20090	NA	NA	NA	NA	NA	194
HVO_RS20170	784.9393030006	448.672383888585	0.187670352991972	0.377400993550057	0.806918711223361	509
HVO_RS20345	NA	NA	NA	NA	NA	365
HVO_RS20355	NA	NA	NA	NA	NA	255
HVO_RS20405	1343.47681322584	2185.12929066709	-0.199790489328431	0.078851776656117	-0.70174722184434	1034
HVO_RS19590	414.775119901431	246.490497700085	0.153584423589708	0.349849588767414	0.750797326087557	779
HVO_RS19475	83.1455551739699	715.66511596987	-0.523466019108123	0.845328686785351	-3.10557361278932	800
HVO_RS19295	127.370537407502	135.26674766564	-0.0225183615980447	0.0839233307695114	-0.0867756276940183	1226
HVO_RS19335	NA	NA	NA	NA	NA	359
HVO_RS19430	19.4202991132917	437.569202384595	-0.680300695902925	0.917796525687739	-4.4938738733309	1169
HVO_RS19625	NA	NA	NA	NA	NA	440
HVO_RS20330	NA	NA	NA	NA	NA	437
HVO_RS20385	401.365226049506	634.296491870044	-0.172154311851109	0.0326728896995844	-0.660241734807052	1220
HVO_RS20350	209.023885864269	1119.50225478011	-0.488110978059872	0.8128494631856	-2.42111771544716	575
HVO_RS19480	366.373181318144	1336.50818800117	-0.422618785701379	0.737344615852187	-1.8670828696679	488
HVO_RS19330	146.923758815655	1259.10015134419	-0.573048437385664	0.881804902641074	-3.09925342659619	449
