	t04_mean	t24_mean	theta	prob	log2FC	length	P	locus_tag
HVO_RS00705	30.6048561864421	47.581281127258	-0.431809595635318	0.859655072852407	-0.636633528014991	695	0.140344927147593	HVO_RS00705
HVO_RS00635	41.1385479921466	27.3341118224117	0.349253560307721	0.784799953765511	0.589788375774475	863	0.215200046234489	HVO_RS00635
HVO_RS00570	38.8123725608718	25.1021965896835	0.410285460672585	0.862120101891156	0.62870301230773	1949	0.137879898108844	HVO_RS00570
HVO_RS00350	13.2795909093056	53.7611879462541	-1.01056029471406	0.98932029400862	-2.01735431355872	530	0.0106797059913797	HVO_RS00350
HVO_RS00090	36.1262866660403	28.6561782215478	0.234857097656462	0.516940239949575	0.334202756217343	653	0.483059760050425	HVO_RS00090
HVO_RS01720	40.5923187969031	57.6113564651419	-0.339463447439392	0.76565321231645	-0.505146471669148	524	0.23434678768355	HVO_RS01720
HVO_RS01710	8.1946904708378	5.49786575273727	0.446435474999651	0.88648922205133	0.575817777543025	2303	0.11351077794867	HVO_RS01710
HVO_RS01330	8.29676384276354	8.9405651029115	-0.0818123472271945	0.106668152544183	-0.107817299976152	1706	0.893331847455817	HVO_RS01330
HVO_RS00950	1421.22647292862	2151.68368977776	-0.885361194124207	0.980789834485253	-0.598329541930442	371	0.0192101655147469	HVO_RS00950
HVO_RS00945	234.018761140056	236.737328350629	-0.011190761151663	0.004452134159455	-0.0166630113596373	311	0.995547865840545	HVO_RS00945
HVO_RS00895	19.2161669923594	19.1800373677138	0.00108386319340464	0	0.00271506241609721	974	1	HVO_RS00895
HVO_RS00770	55.8916941147012	143.865831338667	-1.11011203320278	0.992835462222991	-1.36401817758113	548	0.00716453777700909	HVO_RS00770
HVO_RS00755	2112.82368394468	964.494038456286	1.33743008122507	0.990887951959797	1.13132815265995	413	0.00911204804020282	HVO_RS00755
HVO_RS19935	753.58747150994	304.890565713918	1.01560208941147	0.989979727366119	1.30548347070223	245	0.0100202726338807	HVO_RS19935
HVO_RS03435	977.329255671184	450.953859734658	1.20220882805064	0.990305811459879	1.11586484962426	434	0.00969418854012061	HVO_RS03435
HVO_RS04090	332.97878870722	208.812577700023	0.645772107386695	0.947389731548009	0.673221663799612	872	0.0526102684519913	HVO_RS04090
HVO_RS04280	43.2563528151443	78.7104324256512	-0.621828394714784	0.93699952786664	-0.863642837117381	599	0.0630004721333598	HVO_RS04280
HVO_RS04545	50.2562375233175	39.0308197691009	0.2252415484054	0.493087842848743	0.364688902453407	611	0.506912157151257	HVO_RS04545
HVO_RS04675	1082.83717358884	1024.44518686419	0.119033103557263	0.208167641057281	0.0799735262150142	368	0.791832358942719	HVO_RS04675
HVO_RS02480	81.5264673269369	78.6630148491521	0.0267564211014502	0.00904036443212541	0.051583021810901	611	0.990959635567875	HVO_RS02480
HVO_RS02940	322.446417724755	163.791312956579	0.919073296950587	0.984456374866417	0.977200599352354	527	0.0155436251335827	HVO_RS02940
HVO_RS03305	20.5027568404444	23.7732947809157	-0.0769184639626604	0.0967046242951722	-0.213523952322894	581	0.903295375704828	HVO_RS03305
HVO_RS01920	2299.03519396187	4280.63335351118	-2.07940868886596	1	-0.896795719335841	449	0	HVO_RS01920
HVO_RS02130	11.3986276799988	19.6126798448041	-0.314762771680933	0.72657693066325	-0.782926532686776	821	0.27342306933675	HVO_RS02130
HVO_RS19745	75.2444371149488	78.141212711923	-0.0417535596775864	0.036329689481945	-0.0544987194424928	626	0.963670310518055	HVO_RS19745
HVO_RS02045	414.133847345842	718.479381588686	-0.89913901436697	0.98140682526324	-0.794849636196456	302	0.0185931747367604	HVO_RS02045
HVO_RS02040	422.586321114794	872.683424109407	-1.08738138776409	0.992266309501213	-1.04621232584679	425	0.00773369049878692	HVO_RS02040
HVO_RS01975	911.385988412356	475.421571365747	1.22456538960881	0.99003543715954	0.93885482647585	683	0.00996456284046043	HVO_RS01975
HVO_RS01970	495.110762293839	801.162283161234	-0.7751500780454	0.969890018890466	-0.694343194344444	167	0.030109981109534	HVO_RS01970
HVO_RS01960	363.026341239364	620.322167239503	-0.647607285936724	0.939766455906578	-0.772943446438409	395	0.0602335440934223	HVO_RS01960
HVO_RS01955	29.881586354979	25.3405288419963	0.0924060930151588	0.131101668734409	0.237810107024917	704	0.868898331265591	HVO_RS01955
HVO_RS03500	341.251622277621	399.775634519495	-0.171041481366264	0.358114741992345	-0.228354641063315	296	0.641885258007655	HVO_RS03500
HVO_RS02535	72.5814901134618	33.9599064593284	0.91515706910935	0.984280377480971	1.09576919088472	1169	0.0157196225190291	HVO_RS02535
HVO_RS03835	125.104048401953	74.7943644863601	0.510165591422456	0.911076209216135	0.74212699936189	1166	0.0889237907838653	HVO_RS03835
HVO_RS03085	651.245094109613	1086.18774663176	-0.64491158387629	0.939379632785167	-0.738000988724237	317	0.0606203672148332	HVO_RS03085
HVO_RS03550	57.8382792996717	34.6956087051048	0.523238406801714	0.916081552549249	0.737271554681301	1019	0.0839184474507514	HVO_RS03550
HVO_RS02965	473.591633226361	611.262779576028	-0.355666462645882	0.787604407288502	-0.368149128965595	374	0.212395592711498	HVO_RS02965
HVO_RS19945	15.9777143744199	40.4502424898629	-0.65169207618193	0.940402386621486	-1.34008730702707	881	0.0595976133785139	HVO_RS19945
HVO_RS02380	481.052900796196	269.302271429726	0.696273301077954	0.955385741975441	0.836969155818898	1166	0.0446142580245594	HVO_RS02380
HVO_RS03005	68.8554840547456	41.2138251090931	0.559086167135978	0.929691722452362	0.740443195385171	1166	0.0703082775476381	HVO_RS03005
HVO_RS20080	3490.13045058182	3857.01807383061	-0.394534456787697	0.830669655817819	-0.144204945347779	194	0.169330344182181	HVO_RS20080
HVO_RS02165	3.14749368818203	15.1674725936687	-1.69613414842188	0.999905234229009	-2.26870531459088	1499	9.4765770991434e-05	HVO_RS02165
HVO_RS03490	76.480524203918	45.114617379442	0.401739953342581	0.854207843917706	0.761497461504311	1166	0.145792156082294	HVO_RS03490
HVO_RS02455	39746.0031239367	21365.0560906706	2.10325705119563	1	0.895556685026717	878	0	HVO_RS02455
HVO_RS03695	165.219134943753	98.9604298070097	0.502680623368789	0.908308115875329	0.739457111558785	683	0.0916918841246706	HVO_RS03695
HVO_RS19720	379.005698124603	439.442155871334	-0.149552732519025	0.290121036226843	-0.213453736124782	200	0.709878963773157	HVO_RS19720
HVO_RS19805	558.026837736915	495.68044944471	0.147520365668408	0.293579626694134	0.17092415131823	233	0.706420373305866	HVO_RS19805
HVO_RS20145	945.472825195652	526.509958962372	1.0693678900819	0.989568427869887	0.844575172634443	719	0.010431572130113	HVO_RS20145
HVO_RS20160	205.856211205779	140.223150187299	0.465595155547367	0.894903506852685	0.553912427870406	1430	0.105096493147315	HVO_RS20160
HVO_RS20165	234.906857066273	140.177865035492	0.610218944433023	0.942107088511241	0.744830270329724	1373	0.0578929114887589	HVO_RS20165
HVO_RS12285	25.8042530416074	28.4246558883756	-0.0737684342017283	0.09051465532119	-0.139534014434776	1193	0.90948534467881	HVO_RS12285
HVO_RS12345	125.68175382485	68.3574205987982	0.795660013378195	0.964706369639199	0.878605353508879	1877	0.0352936303608007	HVO_RS12345
HVO_RS12475	42.3147357720616	77.4274801977297	-0.702916930343615	0.952523949335977	-0.871685533822944	446	0.0474760506640233	HVO_RS12475
HVO_RS12560	269.111973258554	442.809029307297	-0.693625057542914	0.949959266132462	-0.718478059964633	920	0.0500407338675379	HVO_RS12560
HVO_RS12625	15.5583273199079	31.9270581133031	-0.576343604853274	0.933253595442837	-1.03709265923042	1208	0.0667464045571627	HVO_RS12625
HVO_RS12645	78.5455020292533	76.2877725588417	0.0243220782910648	0.00712732448079223	0.0420768210753405	452	0.992872675519208	HVO_RS12645
HVO_RS12715	371.394967750396	358.0349375892	0.0475501662933726	0.0338860992940008	0.0528538927624916	464	0.966113900705999	HVO_RS12715
HVO_RS12795	8.57187053909496	12.9600037818651	-0.377666594539385	0.813633209473717	-0.596384172938345	1931	0.186366790526283	HVO_RS12795
HVO_RS12855	4.11108830720324	14.6178547329332	-0.89998555662807	0.981447646977873	-1.83013933496866	1712	0.0185523530221273	HVO_RS12855
HVO_RS12955	2.35904651929243	13.367947159893	-1.00720610130456	0.989219427818972	-2.50250216267417	734	0.0107805721810277	HVO_RS12955
HVO_RS13045	322.841736107444	197.757469725774	0.579040354001753	0.935796469528597	0.707094908961802	431	0.0642035304714028	HVO_RS13045
HVO_RS13100	289.561264803969	275.201430278595	0.0620192279985679	0.0593420199557712	0.0733806550517887	683	0.940657980044229	HVO_RS13100
HVO_RS13115	321.527341054579	330.23457149826	-0.029126881604735	0.0201044347336866	-0.0385497383454682	854	0.979895565266313	HVO_RS13115
HVO_RS13545	313.345222324678	386.371647135818	-0.194926654190927	0.430912665763447	-0.302236233628924	389	0.569087334236553	HVO_RS13545
HVO_RS13795	6729.19690692185	4188.33104241684	1.23287539030176	0.989996542905462	0.684058861031378	305	0.0100034570945381	HVO_RS13795
HVO_RS13805	876.339675348966	678.920859462689	0.390025090540503	0.841884366752507	0.368246764851039	197	0.158115633247493	HVO_RS13805
HVO_RS13810	756.023923380204	430.62502353688	0.783515581842033	0.96220373996797	0.811999730679964	572	0.0377962600320304	HVO_RS13810
HVO_RS14080	91.3662734063168	51.5687401400139	0.647770598107591	0.947714325541351	0.825164912739371	1964	0.0522856744586485	HVO_RS14080
HVO_RS14085	21.4391393231558	42.4582795261338	-0.271071523976842	0.635987058900959	-0.985798922445996	473	0.364012941099041	HVO_RS14085
HVO_RS14205	47.4750973486135	434.501516738701	-1.94250586799602	1	-3.19411834937981	593	0	HVO_RS14205
HVO_RS14460	153.34811893033	117.902470737646	0.323679453676614	0.736645766268225	0.379216518232759	461	0.263354233731775	HVO_RS14460
HVO_RS14600	227.55412927108	104.059433721363	0.95315187089589	0.986663650865273	1.12880200467639	932	0.0133363491347267	HVO_RS14600
HVO_RS14635	1014.96947582564	676.487360608875	0.805811022217034	0.967125157349936	0.585301456014651	620	0.0328748426500639	HVO_RS14635
HVO_RS14640	12.6586028452014	17.8485789807285	-0.246259291222028	0.573680373636268	-0.495691037809803	1112	0.426319626363732	HVO_RS14640
HVO_RS14935	17.3035197014115	45.4072498707506	-0.932535161317565	0.983620990948095	-1.39185713565632	818	0.0163790090519053	HVO_RS14935
HVO_RS14985	105.544435999388	207.045271312733	-0.414784031185624	0.847707497100195	-0.972095727573246	266	0.152292502899805	HVO_RS14985
HVO_RS15030	530.848600851644	292.17420276545	0.512981146345637	0.912136865420942	0.861471657581735	197	0.0878631345790585	HVO_RS15030
HVO_RS15300	213.438563624929	211.175822817338	0.0154268707840443	0.00197956541643773	0.0153761904795892	707	0.998020434583562	HVO_RS15300
HVO_RS15530	290.045042163256	177.625323577417	0.63836696917421	0.946229328224785	0.707439681459962	512	0.0537706717752148	HVO_RS15530
HVO_RS15550	272.756654724451	137.441099016412	0.731272938035823	0.957559484032585	0.98880091807493	509	0.0424405159674148	HVO_RS15550
HVO_RS15585	532.862378267051	2923.44688826876	-3.23464811056113	1	-2.45583549831639	353	0	HVO_RS15585
HVO_RS15625	25.3952553055955	47.8533591866025	-0.539716018957373	0.924036030311692	-0.914061224020005	932	0.0759639696883082	HVO_RS15625
HVO_RS15645	79.2036983610658	71.2318655221844	0.1099461139282	0.180983347709468	0.153045023361589	416	0.819016652290532	HVO_RS15645
HVO_RS15650	3.66763063154349	7.19967444790345	-0.468188393362342	0.88266813693027	-0.973083320912906	1919	0.11733186306973	HVO_RS15650
HVO_RS15690	545.339446317037	552.38397528354	-0.0174812206323322	0.0087933418026257	-0.0185169530404515	632	0.991206658197374	HVO_RS15690
HVO_RS15710	42.2781075939308	48.2295821393779	-0.132595419822603	0.237354032330963	-0.190007508818437	1169	0.762645967669037	HVO_RS15710
HVO_RS15770	7056.3997440743	10146.9728352014	-2.25099994503579	1	-0.524045192973727	374	0	HVO_RS15770
HVO_RS15840	76.9564029519002	155.939298382058	-0.695505745715013	0.950473956018014	-1.01887127629194	398	0.0495260439819861	HVO_RS15840
HVO_RS15990	116.17609372156	93.6037698531418	0.222855628288486	0.487232304165075	0.311674686900227	1241	0.512767695834925	HVO_RS15990
HVO_RS16010	82.5492413398009	61.2292771335165	0.257423833214167	0.574624000123207	0.431033305376461	803	0.425375999876793	HVO_RS16010
HVO_RS16125	2216.77923035715	2398.99288518878	-0.227853732814031	0.524386512785276	-0.11396377999595	377	0.475613487214724	HVO_RS16125
HVO_RS16415	118.833300103263	106.653727971237	0.137289539856251	0.263335156345218	0.156004778039173	893	0.736664843654782	HVO_RS16415
HVO_RS16505	1717.31945836664	2723.53205833842	-0.714679677130907	0.955784428467011	-0.665320412431067	188	0.0442155715329888	HVO_RS16505
HVO_RS16635	37918.0223586188	38138.6016055605	-0.0176601549743193	0.00893971108498048	-0.00836822518082363	188	0.99106028891502	HVO_RS16635
HVO_RS16710	167.272283973446	277.288505940986	-0.449805731830854	0.871073269483562	-0.729189396407362	326	0.128926730516438	HVO_RS16710
HVO_RS16735	278.262364060018	135.144551911842	0.83772613038976	0.975177894481743	1.04194243879003	917	0.0248221055182568	HVO_RS16735
HVO_RS16740	675.111716193057	369.899140004136	0.954045590506953	0.986738590018574	0.867994310052561	626	0.0132614099814259	HVO_RS16740
HVO_RS16790	157.546164733062	135.935980323626	0.183074508434446	0.390004301485569	0.21284726661166	569	0.609995698514431	HVO_RS16790
HVO_RS16820	4345.42561507962	3170.95190428992	1.49902727221843	0.989637543192465	0.454581494116625	209	0.0103624568075347	HVO_RS16820
HVO_RS16925	11.7170187845619	35.0047774955463	-0.880341832466203	0.980573081829125	-1.57894629144904	1010	0.0194269181708755	HVO_RS16925
HVO_RS16965	61.0236676195456	112.28630911989	-0.661095025078961	0.942097343979064	-0.879741237187747	1469	0.057902656020936	HVO_RS16965
HVO_RS16970	164.640758616245	493.062954862981	-0.892531511435975	0.981101766816704	-1.58245032850346	497	0.0188982331832956	HVO_RS16970
HVO_RS16975	56.0096295003493	452.269618984887	-2.30941555367399	1	-3.01343629670572	464	1.11022302462516e-16	HVO_RS16975
HVO_RS16980	8.40425034000116	140.360499905197	-1.39815007275206	0.997704798434902	-4.06187404425701	644	0.00229520156509833	HVO_RS16980
HVO_RS16985	37.9722685810563	873.495169849743	-2.27179636138478	1	-4.52378162780057	554	0	HVO_RS16985
HVO_RS16990	213.172751478257	2052.71158621258	-3.09214268141961	1	-3.26743599311215	455	4.44089209850063e-16	HVO_RS16990
HVO_RS17000	157.425905655397	1123.71987761189	-2.02774639134568	1	-2.83553757126787	536	0	HVO_RS17000
HVO_RS17005	95.492584951827	798.911031500757	-1.83584526243662	0.99999999969417	-3.06457423378741	392	3.05829694902116e-10	HVO_RS17005
HVO_RS17010	82.9101437729613	2826.61065626218	-2.98396469935324	0.999999999999999	-5.09138074522315	176	6.66133814775094e-16	HVO_RS17010
HVO_RS17015	150.061131291147	1286.10335370103	-2.36472177534943	1	-3.09938434023552	518	1.11022302462516e-16	HVO_RS17015
HVO_RS17020	28.6276918567661	114.283608493398	-1.34510922878244	0.997399795655276	-1.99713523399812	743	0.00260020434472352	HVO_RS17020
HVO_RS17025	46.4951741881808	730.696941602241	-3.14981958712916	1	-3.97412027945111	356	1.11022302462516e-16	HVO_RS17025
HVO_RS17030	107.082067464938	363.808502313046	-1.18869747480664	0.990212614762635	-1.76446236069889	398	0.009787385237365	HVO_RS17030
HVO_RS17040	328.767092021641	1416.40231661315	-2.63270773653597	1	-2.10709330382029	431	3.33066907387547e-16	HVO_RS17040
HVO_RS17045	1537.07580504679	11513.5338433993	-7.55167507720131	1	-2.90507048483319	212	0	HVO_RS17045
HVO_RS17050	48.9966383923532	300.417825120939	-2.12987685680498	1	-2.6162157409305	914	0	HVO_RS17050
HVO_RS17055	153.179110791739	1218.41949827228	-2.71391702317742	1	-2.99171946062101	461	1.11022302462516e-16	HVO_RS17055
HVO_RS17060	291.426706186657	1084.42821075498	-1.8383221958084	0.999999999774929	-1.89572955325896	422	2.2507062880095e-10	HVO_RS17060
HVO_RS17065	71.799791625124	465.628608214535	-1.9473480189077	1	-2.69712813790314	725	1.11022302462516e-16	HVO_RS17065
HVO_RS17070	169.795469526076	2295.12676579047	-3.90572061227598	0.999999999999999	-3.7567039690174	251	1.11022302462516e-15	HVO_RS17070
HVO_RS17075	53.8106530883602	227.444629097072	-1.68450381309813	0.999820014587701	-2.07955164537764	746	0.000179985412299466	HVO_RS17075
HVO_RS17080	62.8062255400903	231.707982532678	-1.38727795659452	0.997743133266043	-1.88332827155695	1016	0.00225686673395709	HVO_RS17080
HVO_RS17085	1193.69637803917	1145.66670528751	0.079824269924344	0.0986956617336199	0.0592485277668228	842	0.90130433826638	HVO_RS17085
HVO_RS17200	61.7407990538636	85.4632085440134	-0.370240080260871	0.805318296184646	-0.46907932657813	1259	0.194681703815354	HVO_RS17200
HVO_RS17370	38.7441103096558	59.9886244932994	-0.385414623709988	0.821781475075576	-0.630711936067146	1649	0.178218524924424	HVO_RS17370
HVO_RS17375	10.290279255365	19.4332358949749	-0.622777760112837	0.937071423997052	-0.917244014733346	917	0.0629285760029483	HVO_RS17375
HVO_RS17380	29.4880814911554	48.5329732213119	-0.600469568337058	0.935594920537404	-0.718833282008077	320	0.0644050794625957	HVO_RS17380
HVO_RS17530	288.976414537106	126.570298374412	1.02396061789035	0.989869906650252	1.19101285433904	686	0.0101300933497483	HVO_RS17530
HVO_RS20305	23801.5304077273	13988.6322161084	2.35226213526805	1	0.766799434736017	176	0	HVO_RS20305
HVO_RS17855	14431.7568037856	20289.1224069457	-1.4071843758165	0.997668520136372	-0.491459531201123	230	0.00233147986362825	HVO_RS17855
HVO_RS17925	2018.02567254626	7287.18567336548	-5.51887373370932	0.999999999999996	-1.85241722224382	362	3.88578058618805e-15	HVO_RS17925
HVO_RS17930	2565.15395059274	10790.3115023383	-5.4994130617784	1	-2.07261919566208	224	2.22044604925031e-16	HVO_RS17930
HVO_RS17935	2841.28758258929	10189.8469089457	-4.47808601896648	1	-1.84251560953163	200	0	HVO_RS17935
HVO_RS17940	66.6816797034892	161.30613473463	-0.557148307407709	0.929547890141663	-1.27443895636635	464	0.0704521098583368	HVO_RS17940
HVO_RS17950	13.0460891071512	20.9265638908126	-0.230989530810737	0.532928884010999	-0.681718055225937	1073	0.467071115989001	HVO_RS17950
HVO_RS17980	2257.39907752034	1425.58717876494	0.978922985530476	0.988801001031563	0.663105223046918	356	0.0111989989684375	HVO_RS17980
HVO_RS18000	4372.42925864845	2009.75548855979	1.80026839582002	0.999999999977417	1.12141505252379	266	2.25834906331102e-11	HVO_RS18000
HVO_RS18005	41512.254904257	25888.088309681	3.0517253903022	1	0.681248865601482	179	0	HVO_RS18005
HVO_RS18015	1828.92262104802	5019.47022676365	-2.06752876715298	1	-1.45654106677151	341	1.11022302462516e-16	HVO_RS18015
HVO_RS18020	223.386686938611	1213.2937566099	-2.72516805703336	1	-2.44131377690863	1046	0	HVO_RS18020
HVO_RS18025	389.03811506739	1158.69978166239	-1.76892456195065	0.999999585177652	-1.57452340164064	638	4.14822348138166e-07	HVO_RS18025
HVO_RS18030	4680.95246086823	8261.16962277485	-1.36157547863082	0.997712090947639	-0.819543940678626	479	0.00228790905236131	HVO_RS18030
HVO_RS18105	244.899345521849	282.39314559433	-0.15633435351082	0.311638827837232	-0.205516152731539	782	0.688361172162768	HVO_RS18105
HVO_RS18110	110.505562001526	108.078382678054	0.0196996221181818	0.00408415765627412	0.032040994680578	1199	0.995915842343726	HVO_RS18110
HVO_RS18115	3695.4296849869	23262.32320589	-4.11323477636775	1	-2.6541811576418	176	1.11022302462516e-16	HVO_RS18115
HVO_RS18120	1846.4061834349	7686.12319387082	-2.33376437078957	1	-2.05753613968171	194	1.11022302462516e-16	HVO_RS18120
HVO_RS18125	29.3426217804677	156.774527866124	-0.981548362429043	0.987983458072665	-2.41762148731438	398	0.0120165419273348	HVO_RS18125
HVO_RS18130	162.483143785915	663.601892760887	-1.49595799567446	0.994161659116544	-2.03002794240043	437	0.00583834088345625	HVO_RS18130
HVO_RS18135	1574.7424149818	5727.53826668362	-2.97784445103365	1	-1.862799330209	350	3.33066907387547e-16	HVO_RS18135
HVO_RS18145	281.882038734176	629.800125606582	-1.05766201425301	0.990822680356643	-1.15980249157491	779	0.00917731964335733	HVO_RS18145
HVO_RS18150	347.253784061084	1373.95866828683	-1.78186356600877	0.999999878513933	-1.98427628474873	392	1.21486067206078e-07	HVO_RS18150
HVO_RS18155	304.39309926354	1173.56800478551	-1.96776076561533	1	-1.94689388644099	527	1.11022302462516e-16	HVO_RS18155
HVO_RS18160	2360.32875781668	7508.11414820522	-2.61949053088462	1	-1.66946276506854	503	3.33066907387547e-16	HVO_RS18160
HVO_RS18225	16.8034006742822	28.5633249271723	-0.281896087304317	0.661035004065062	-0.765410691380452	695	0.338964995934938	HVO_RS18225
HVO_RS20310	56.9685021946494	48.3579131727502	0.132170318271378	0.247932505321054	0.236412487464413	1154	0.752067494678946	HVO_RS20310
HVO_RS11955	77.600214450409	46.8641934399913	0.564807480794904	0.931604194891721	0.727574586033586	608	0.0683958051082795	HVO_RS11955
HVO_RS11720	23.1865014197883	28.660745876382	-0.203240508461294	0.455222476771298	-0.305791005165164	914	0.544777523228702	HVO_RS11720
HVO_RS11705	18.4046484796384	41.6198195273025	-0.686674930846642	0.94809151878793	-1.17720051407339	1286	0.0519084812120705	HVO_RS11705
HVO_RS11700	40.3197551196386	44.6689963147096	-0.0819092157966487	0.106869944308032	-0.147786961805741	470	0.893130055691968	HVO_RS11700
HVO_RS11455	139.536692999593	168.075096370012	-0.248890826342549	0.580547016183902	-0.268461429288393	1133	0.419452983816098	HVO_RS11455
HVO_RS11405	1279.34097720011	684.199758826474	1.27289293272838	0.990394990671906	0.902911330037163	455	0.00960500932809394	HVO_RS11405
HVO_RS11250	11316.7830816135	5707.39321351208	1.53281671248922	0.99110088897738	0.987560048029523	206	0.00889911102261987	HVO_RS11250
HVO_RS11245	507.100024580841	467.363121654248	0.0926254813444158	0.131692289156408	0.117726444845047	392	0.868307710843592	HVO_RS11245
HVO_RS11065	1142.31320716366	437.255794943508	1.19157557848216	0.990489731122328	1.38540886342877	311	0.00951026887767203	HVO_RS11065
HVO_RS10710	1624.43099252382	1711.56214007482	-0.13826750824885	0.254731286056365	-0.0753792140483402	428	0.745268713943635	HVO_RS10710
HVO_RS10340	252.875343864637	214.350262691896	0.196993622953648	0.424456221927606	0.238456191371911	542	0.575543778072394	HVO_RS10340
HVO_RS10305	2515.88580628302	1377.33365939711	1.36189176300976	0.990778315781062	0.869188346098057	248	0.00922168421893821	HVO_RS10305
HVO_RS10300	59.4552591543046	41.8291448104043	0.274508238520931	0.619117682445984	0.507295927526114	908	0.380882317554016	HVO_RS10300
HVO_RS10190	160.863775372277	205.888796029232	-0.142129104038078	0.266746261285705	-0.35602583942561	275	0.733253738714295	HVO_RS10190
HVO_RS10185	117.339225425574	188.946969818395	-0.421171005018042	0.852394112251567	-0.687296008285239	323	0.147605887748433	HVO_RS10185
HVO_RS10170	58.190088473366	52.2244863400101	0.0932477544010446	0.133384998804331	0.156047042025256	848	0.866615001195669	HVO_RS10170
HVO_RS09940	2148.44488895869	850.977525866228	2.20031262522705	1	1.33609983389481	758	0	HVO_RS09940
HVO_RS09845	354.20494304578	505.175540003034	-0.606665686033565	0.935997341578536	-0.512200441732533	566	0.0640026584214642	HVO_RS09845
HVO_RS09565	761.329410281367	543.492941596666	0.46821669831176	0.895915181706932	0.486259511894144	758	0.104084818293068	HVO_RS09565
HVO_RS09430	29.23807373363	14.4783163580394	0.643369963669651	0.947006115591377	1.01395442131027	1529	0.0529938844086227	HVO_RS09430
HVO_RS09415	128.209049961545	101.507964121405	0.23711450342699	0.522604748674184	0.336905178891676	368	0.477395251325816	HVO_RS09415
HVO_RS09410	1400.51119934023	665.143604647597	1.05125142232975	0.989409621096362	1.07421576260078	260	0.0105903789036378	HVO_RS09410
HVO_RS09405	1712.33099200916	798.910519499078	1.65813827336211	0.999944126196087	1.09985576940853	461	5.58738039133644e-05	HVO_RS09405
HVO_RS09390	508.765398785387	225.718908530485	1.11794581146217	0.991162644666527	1.17247327751923	701	0.0088373553334733	HVO_RS09390
HVO_RS09360	42.9626804862101	30.3925363149344	0.354918864810015	0.794115608342352	0.49936693184385	1154	0.205884391657648	HVO_RS09360
HVO_RS09085	104.093674295325	68.5518507794984	0.327412187596405	0.744297573826261	0.602614877791036	911	0.255702426173739	HVO_RS09085
HVO_RS09065	150.643627352898	81.490267763637	0.626787171008169	0.94452779235837	0.886439967918938	1109	0.0554722076416301	HVO_RS09065
HVO_RS09060	1557.88555012608	1069.84579394747	0.437123341210957	0.881466751064636	0.542186386277031	203	0.118533248935364	HVO_RS09060
HVO_RS08955	111.272623566601	63.2524626374007	0.71847762307881	0.957090351621791	0.814905134562201	1760	0.0429096483782085	HVO_RS08955
HVO_RS08935	4077.78860058944	3474.89294520466	0.436133931380381	0.880890885867279	0.230818453708754	191	0.119109114132721	HVO_RS08935
HVO_RS08920	3997.86021211604	2229.32299030499	1.42607470608719	0.992528987294167	0.842622374882449	923	0.00747101270583317	HVO_RS08920
HVO_RS08875	17.6743215117813	16.870570222558	0.049388255672871	0.0367709167903941	0.0671460960911831	1466	0.963229083209606	HVO_RS08875
HVO_RS08820	97.4675010615246	114.174287351159	-0.154894839931018	0.307067069064159	-0.228244623610996	1430	0.692932930935841	HVO_RS08820
HVO_RS08815	492.275342279295	361.853437415547	0.388781395314835	0.840467846763643	0.444060001307339	905	0.159532153236357	HVO_RS08815
HVO_RS08670	2849.71948285506	3695.1492730151	-0.836280941631551	0.977884237195725	-0.374812734082388	257	0.0221157628042749	HVO_RS08670
HVO_RS08570	386.46042781425	979.499804888821	-1.42212177525814	0.997569185594569	-1.3417245102902	287	0.00243081440543147	HVO_RS08570
HVO_RS08515	86.5619186553962	262.726713543598	-1.23440826382636	0.99062477055882	-1.60175851622654	1007	0.00937522944117986	HVO_RS08515
HVO_RS08450	419.080719699022	287.814078977393	0.491459972222649	0.904283878667573	0.542090984116752	545	0.0957161213324274	HVO_RS08450
HVO_RS08200	323.023338709948	679.498913659435	-1.31887245924188	0.996104714498509	-1.07283283987931	533	0.00389528550149099	HVO_RS08200
HVO_RS08070	12313.9317114402	12077.3430406352	0.222794555361529	0.487082651400874	0.0279883696664682	281	0.512917348599126	HVO_RS08070
HVO_RS08065	974.007524737457	1254.5397596782	-0.515588956496585	0.912624432831338	-0.365153371221073	194	0.0873755671686617	HVO_RS08065
HVO_RS08060	330.071730821214	450.347340494125	-0.469879796623395	0.883756446239151	-0.44825855827119	800	0.116243553760849	HVO_RS08060
HVO_RS08055	332.050059629729	678.734294884753	-0.844096680426974	0.978516660792736	-1.03144615339022	191	0.0214833392072638	HVO_RS08055
HVO_RS08030	43.8892375682313	38.461363231481	0.162830688178154	0.336876807997459	0.190457309586872	860	0.663123192002541	HVO_RS08030
HVO_RS07955	66.9660104215992	83.8435664963799	-0.269766078212181	0.632870970636868	-0.324271066466784	1304	0.367129029363132	HVO_RS07955
HVO_RS07845	19523.6462972494	15042.2232678663	1.3551671560643	0.990775725777488	0.376204704585772	269	0.00922427422251193	HVO_RS07845
HVO_RS07395	2169.39834347799	3023.20487145166	-0.77101841445548	0.969125684899586	-0.478783764367991	590	0.0308743151004141	HVO_RS07395
HVO_RS07045	1208.76941032634	1605.66150985782	-0.65412245757878	0.940810586139051	-0.409628733217897	530	0.0591894138609488	HVO_RS07045
HVO_RS07000	72.0409194172856	43.4291747160061	0.51277310130402	0.91205797101682	0.730152056119244	656	0.0879420289831796	HVO_RS07000
HVO_RS06950	49.5709314830878	129.836991150914	-0.96453669535778	0.986621558618285	-1.38913519856373	1139	0.013378441381715	HVO_RS06950
HVO_RS06875	3.28101045798669	4.8012493984344	-0.462502500296869	0.879039653480007	-0.549269685644814	2876	0.120960346519993	HVO_RS06875
HVO_RS06735	16.8845911658524	19.5114306773146	-0.156011916667006	0.310614815058645	-0.208612320413249	1814	0.689385184941355	HVO_RS06735
HVO_RS06705	23.6275009448136	31.9237417933665	-0.344268730938294	0.772433046233298	-0.434162715191746	1496	0.227566953766702	HVO_RS06705
HVO_RS06440	535.388045762332	2137.17199886241	-2.6320342563174	1	-1.997046188563	308	3.33066907387547e-16	HVO_RS06440
HVO_RS06435	192.60399199857	1228.87210894983	-2.62552707293459	1	-2.67362526895263	1265	3.33066907387547e-16	HVO_RS06435
HVO_RS06420	76.707900363636	128.249175007484	-0.64791553600999	0.939813149996303	-0.741502467656078	2183	0.0601868500036972	HVO_RS06420
HVO_RS06410	1772.41142758432	1352.97226488348	0.639797538967634	0.946448091376172	0.389581268473346	614	0.0535519086238284	HVO_RS06410
HVO_RS06405	5428.80060738747	4128.88838150724	0.982541742138879	0.989049365793225	0.394880078694851	428	0.0109506342067753	HVO_RS06405
HVO_RS06325	5917.43565096866	3232.40878675174	1.49583700820244	0.989719751588796	0.872362452354145	254	0.0102802484112036	HVO_RS06325
HVO_RS06245	1053.29501071782	484.576331716453	1.43836771045883	0.992577090319609	1.12011372255741	707	0.00742290968039105	HVO_RS06245
HVO_RS06235	15.1282895089454	26.4175891851166	-0.490028915136352	0.896906943109558	-0.804249937796393	1406	0.103093056890442	HVO_RS06235
HVO_RS06230	26.8958840281989	50.3475220515932	-0.537573992061804	0.923199158860355	-0.904535366044076	1760	0.0768008411396451	HVO_RS06230
HVO_RS06225	705.766136990463	530.989442785426	0.404273542669245	0.856650528466394	0.410507033126426	320	0.143349471533606	HVO_RS06225
HVO_RS06220	27.0636311964715	35.1807228166075	-0.279880620997521	0.656490483326124	-0.378429702081875	1046	0.343509516673876	HVO_RS06220
HVO_RS06215	105.292868159905	128.577011818132	-0.200904106670407	0.448443999486494	-0.288225006334859	584	0.551556000513506	HVO_RS06215
HVO_RS06210	9969.1502037236	6010.24841481274	1.06829619479983	0.989544390411938	0.730045909335135	257	0.0104556095880619	HVO_RS06210
HVO_RS06200	4021.74798168529	2084.22540890456	2.5150388379031	0.999999999999999	0.948311366141253	332	1.4432899320127e-15	HVO_RS06200
HVO_RS18570	3074.70112794129	1670.03181502537	1.80891095203101	0.999999999993236	0.880570595000799	287	6.76403377752877e-12	HVO_RS18570
HVO_RS18660	74.9040107762425	54.5126957811774	0.245363198533136	0.543520405093279	0.458450703923189	443	0.456479594906721	HVO_RS18660
HVO_RS18685	16.0752744074442	25.9375929827329	-0.411344551887216	0.845059363567554	-0.690201238428095	587	0.154940636432446	HVO_RS18685
HVO_RS18880	108.323564661387	156.109642040735	-0.363048267784723	0.796809708994223	-0.527212527125177	392	0.203190291005777	HVO_RS18880
HVO_RS18885	7.9295681320754	15.4715890979242	-0.817295560710976	0.976007346193333	-0.964307184923658	1190	0.0239926538066666	HVO_RS18885
HVO_RS18960	15.7374684409102	14.7654801291711	0.0639709366633683	0.0632420000399797	0.0919752154880836	1499	0.93675799996002	HVO_RS18960
HVO_RS19080	748.547197807991	393.676217116143	0.806606301440292	0.967323746161956	0.927083726138925	692	0.0326762538380442	HVO_RS19080
HVO_RS19125	34.8064381541397	70.5723134034601	-0.572643937756789	0.932701961833953	-1.0197481168288	680	0.0672980381660465	HVO_RS19125
HVO_RS19255	348.564714696186	492.440693235069	-0.515562760975264	0.912609733999268	-0.498523452588726	914	0.0873902660007324	HVO_RS19255
HVO_RS04975	15.9553720489297	32.8213999278948	-0.431087769324148	0.859182075142967	-1.0405945253777	446	0.140817924857033	HVO_RS04975
HVO_RS04980	5.27599938675559	12.5076025995447	-0.612433122584331	0.936360621932072	-1.24528898475617	1334	0.0636393780679275	HVO_RS04980
HVO_RS04985	4.37265341852165	15.1951079787727	-1.51271437949131	0.993264119509656	-1.79702601849426	1079	0.00673588049034402	HVO_RS04985
HVO_RS04990	8.22389782655143	9.60123368000467	-0.124575139851658	0.213491328183076	-0.223397451612903	1439	0.786508671816924	HVO_RS04990
HVO_RS04995	29.1236755223695	34.5576008877933	-0.145736692361948	0.278069397564619	-0.246810623116237	1049	0.721930602435381	HVO_RS04995
HVO_RS05250	49472.3145562398	44138.234097819	0.506819271969851	0.909829207954869	0.164592486603439	152	0.0901707920451315	HVO_RS05250
HVO_RS05255	7955.58103829024	5810.50226332372	1.09005817630031	0.990255779094784	0.45330442562674	278	0.00974422090521587	HVO_RS05255
HVO_RS05260	88.5102163225185	55.3720030873076	0.505322569039684	0.909276645764902	0.676687275945822	665	0.0907233542350985	HVO_RS05260
HVO_RS05375	78.6773230274167	51.6710270449864	0.372115895748282	0.819602913989345	0.606592311242424	986	0.180397086010655	HVO_RS05375
HVO_RS05455	141.771268696994	119.01444534563	0.173648409896572	0.365814408073953	0.252428495381536	449	0.634185591926047	HVO_RS05455
HVO_RS05560	95.5654560355922	86.7493036125344	0.0878738776672651	0.11904578382927	0.139637046301344	743	0.88095421617073	HVO_RS05560
HVO_RS05595	856.507039653657	893.44072924286	-0.0657470778066221	0.0754389811764848	-0.0609069203089755	176	0.924561018823515	HVO_RS05595
HVO_RS05655	16926.5056724594	26274.100634131	-3.05949883012818	1	-0.634357209066929	167	3.33066907387547e-16	HVO_RS05655
HVO_RS05875	1379.45758839689	802.598484375101	0.604569143942371	0.941197653800353	0.781350764674674	458	0.0588023461996465	HVO_RS05875
HVO_RS09050	1224.40607272228	1080.69714321444	0.236414898798526	0.520847653023243	0.180119829477653	359	0.479152346976757	HVO_RS09050
HVO_RS05545	10044.6105444635	8030.00131772185	1.552851763104	0.99354505361129	0.322949498535299	203	0.00645494638871014	HVO_RS05545
HVO_RS11375	191.185574993193	386.641319427484	-0.649813464784808	0.940102771220079	-1.01602214746795	320	0.0598972287799213	HVO_RS11375
HVO_RS15735	41.7012356663847	31.8055906627293	0.224513722661496	0.491298675182809	0.390809754280963	1022	0.508701324817191	HVO_RS15735
HVO_RS12020	44.1961378689149	25.1041289104761	0.452793691757481	0.889525591709712	0.815995637813858	1169	0.110474408290288	HVO_RS12020
HVO_RS18675	7.56157241251365	9.59443136753901	-0.216514559940777	0.493004692911017	-0.343511033918161	2189	0.506995307088983	HVO_RS18675
HVO_RS15640	11.2523087016095	14.3321877444315	-0.265001663100969	0.621307529205854	-0.34903780941847	4193	0.378692470794146	HVO_RS15640
HVO_RS06205	22.4902410400708	22.6017038871456	-0.00549455341390167	0.00171308484807575	-0.00713241464767277	2201	0.998286915151924	HVO_RS06205
HVO_RS17035	151.775216372082	785.913711379436	-1.58443462802247	0.99521725684038	-2.37243469199137	344	0.00478274315961968	HVO_RS17035
HVO_RS12050	5.96471939138415	7.17847516783227	-0.19476119704443	0.430423060226129	-0.267223154917996	3164	0.569576939773871	HVO_RS12050
HVO_RS13495	1744.4926943861	1347.67127768448	0.522998503699105	0.915988157147764	0.372338916768252	581	0.0840118428522362	HVO_RS13495
HVO_RS16995	26.693595692135	223.690874686232	-1.95341902730485	1	-3.0669408456496	707	0	HVO_RS16995
HVO_RS13270	24.216046391368	16.7172245308935	0.353424413912596	0.791707658228042	0.534627999538128	1169	0.208292341771958	HVO_RS13270
HVO_RS15720	71.8730140493894	49.4968593154365	0.368497962731056	0.814590556313947	0.538113201915576	1244	0.185409443686053	HVO_RS15720
HVO_RS16220	137.822102852508	296.980153117322	-0.938650745010823	0.984166540030025	-1.1075592454302	188	0.0158334599699747	HVO_RS16220
HVO_RS15560	82.5176921537306	106.936920828578	-0.198007619166673	0.439986288351093	-0.373984663329474	314	0.560013711648907	HVO_RS15560
HVO_RS18335	40.6933226221575	18.9636216372624	0.436665244703194	0.881202902646878	1.10155756793928	1169	0.118797097353122	HVO_RS18335
HVO_RS12405	9.02121039882383	13.4854642679002	-0.402750576088954	0.838015629385357	-0.580012268843399	1046	0.161984370614643	HVO_RS12405
HVO_RS06850	94.7227091876503	65.1750528426349	0.485044322203061	0.902019007832646	0.53939049696519	1046	0.0979809921673538	HVO_RS06850
HVO_RS15590	17.5479190331952	92.7880418836303	-1.63724426198058	0.998647736049821	-2.4026389342835	1481	0.00135226395017918	HVO_RS15590
HVO_RS14660	176.589207241575	965.039701149182	-2.24287407886223	1	-2.4501911239876	2483	0	HVO_RS14660
HVO_RS15535	106.323223404729	59.536189998443	0.691931389227589	0.95487048220807	0.836617943840152	710	0.0451295177919298	HVO_RS15535
HVO_RS10205	1410.21015049045	1244.27337006174	0.253158031565608	0.56356509046827	0.180606685950001	662	0.43643490953173	HVO_RS10205
HVO_RS15305	341.242549385381	272.020662737304	0.350793323876417	0.787373396289105	0.327081303884205	1175	0.212626603710895	HVO_RS15305
HVO_RS14655	41.7338947996937	37.0787101808488	0.115108235001086	0.196360786038431	0.170628506564409	1529	0.803639213961569	HVO_RS14655
HVO_RS15685	1563.13883358777	1465.07344760168	0.126549280221559	0.230920498267876	0.0934729279579834	272	0.769079501732124	HVO_RS15685
HVO_RS16920	164.426642493302	305.612558012433	-0.687788502321718	0.948385924066721	-0.894259745046245	302	0.0516140759332786	HVO_RS16920
HVO_RS15695	8967.63089786671	9194.89167536297	-0.0761881030577738	0.0952603747105417	-0.0361056794759113	290	0.904739625289458	HVO_RS15695
HVO_RS20090	630.313686823469	936.053103246231	-0.416128491863426	0.848721390749853	-0.570520387497907	194	0.151278609250147	HVO_RS20090
HVO_RS20170	258.92918285425	146.376902134736	0.661113820943114	0.949979911097908	0.822869656343366	509	0.0500200889020923	HVO_RS20170
HVO_RS20345	45.3487178383353	57.508321287942	-0.222970627056218	0.510966327721843	-0.342708963504723	365	0.489033672278157	HVO_RS20345
HVO_RS20355	278.145965029625	454.29576880137	-0.593442009265006	0.935078965550278	-0.707789691502335	255	0.0649210344497217	HVO_RS20355
HVO_RS20405	764.692274356857	1569.56571714432	-1.3817023652839	0.997758703471728	-1.03741423149951	1034	0.00224129652827232	HVO_RS20405
HVO_RS19590	75.3574689996065	43.9576839659699	0.438490785664056	0.882255362095152	0.777635134708315	779	0.117744637904848	HVO_RS19590
HVO_RS19475	20.6903525137405	67.5500908305871	-1.05508923453945	0.990704246227062	-1.70699948400469	800	0.0092957537729379	HVO_RS19475
HVO_RS19295	34.571716635704	60.755618431898	-0.596135473484069	0.935287355616992	-0.813425587997153	1226	0.0647126443830085	HVO_RS19295
HVO_RS19335	327.689902387351	177.76358467827	0.682780726404296	0.953601294945216	0.882371402893854	359	0.0463987050547845	HVO_RS19335
HVO_RS19430	24.1493973307258	14.2630187120176	0.469242823051252	0.896302417410956	0.759707830946859	1169	0.103697582589044	HVO_RS19430
HVO_RS19625	21.6229518842282	24.8977060429323	-0.0739656466923213	0.0908972981193019	-0.203449337478723	440	0.909102701880698	HVO_RS19625
HVO_RS20330	407.951189225735	352.192209350812	0.148800768210233	0.29729767760745	0.212033549669097	437	0.70270232239255	HVO_RS20330
HVO_RS20385	256.504182927083	217.403548957484	0.193530874273302	0.415987437598782	0.238606861167446	1220	0.584012562401218	HVO_RS20385
HVO_RS20350	466.893611631293	178.040591490304	1.25865232953128	0.990154691389769	1.39088764987748	575	0.00984530861023103	HVO_RS20350
HVO_RS19480	1125.94888753158	446.397238361157	1.72847268325489	0.999999872400881	1.33474133067233	488	1.2759911893756e-07	HVO_RS19480
HVO_RS19330	130.048590964656	178.543332816967	-0.202031860011191	0.45172667730901	-0.457223493445786	449	0.54827332269099	HVO_RS19330
