	t00_mean	t04_mean	theta	prob	log2FC	length
HVO_RS00705	65.9656286879949	33.3642202883406	0.30280480798519	0.736972418071865	0.983412716814414	695
HVO_RS00635	46.516078965752	44.8195722148906	0.0165361763502264	0.022197475833356	0.0536006121961331	863
HVO_RS00570	81.9706023815402	42.3075917094273	0.232037392727407	0.607433639748974	0.954190034970053	1949
HVO_RS00350	106.488514526318	14.5225950553639	0.782228623504138	0.9754959040271	2.87432665693338	530
HVO_RS00090	194.274637088036	39.41438039783	0.533269439928979	0.935645732169866	2.30130356635519	653
HVO_RS01720	285.072589610678	44.2521624053373	0.642576763124227	0.958613566714312	2.6875094673895	524
HVO_RS01710	36.4558018133964	8.94054377760591	0.421780780419246	0.899155082558144	2.02771394657749	2303
HVO_RS01330	72.1689459250974	9.05190752630118	0.621528223631964	0.95302516052124	2.99508443209396	1706
HVO_RS00950	1706.10016509837	1549.06097000947	0.0694584680210546	0.134436698779185	0.139308420970506	371
HVO_RS00945	556.275683036952	255.845062938904	0.374595273629859	0.852737976260254	1.12052964736235	311
HVO_RS00895	39.8482910564812	21.039902831066	0.191951759279065	0.505887082778801	0.921389811948373	974
HVO_RS00770	320.529079293002	61.0119813487699	0.688548132140146	0.972147863423883	2.39329076039565	548
HVO_RS00755	906.449613980863	2308.0784194002	-0.777192091903211	0.961210148322091	-1.34839350841495	413
HVO_RS19935	NA	NA	NA	NA	NA	245
HVO_RS03435	NA	NA	NA	NA	NA	434
HVO_RS04090	231.047725038714	363.181044289325	-0.287484642644383	0.579426760640491	-0.652498020816697	872
HVO_RS04280	259.507730748663	47.223785808296	0.658998082166636	0.963608327502553	2.45819190875188	599
HVO_RS04545	127.847548403857	54.8006043540261	0.270036672527429	0.681376986810026	1.2221607870517	611
HVO_RS04675	706.712778862883	1181.64067677547	-0.501303075916241	0.862896078242582	-0.74159549404486	368
HVO_RS02480	180.40845635076	88.7382193513725	0.262899280156888	0.668720481523842	1.023639455149	611
HVO_RS02940	332.982609926439	351.725340340838	-0.0291910430435076	0.00279666337681717	-0.0790024445864986	527
HVO_RS03305	241.429338170714	22.2748716379821	0.685422809295751	0.971353502838443	3.43811197796547	581
HVO_RS01920	NA	NA	NA	NA	NA	449
HVO_RS02130	165.391884943575	12.4804295721427	0.750921989789634	0.977951144429143	3.72814895226973	821
HVO_RS19745	256.775588060852	82.1510819782459	0.443156682131647	0.911139655907874	1.6441565688081	626
HVO_RS02045	857.030703686376	451.766658474973	0.54023160886832	0.937250026055614	0.923769090651224	302
HVO_RS02040	746.706087794607	460.706119913146	0.331149304625724	0.785386681060408	0.696693730691846	425
HVO_RS01975	NA	NA	NA	NA	NA	683
HVO_RS01970	1008.75588346055	539.847135455189	0.412767865315296	0.892578237087717	0.901954235024655	167
HVO_RS01960	653.084938586875	396.666781799949	0.342536382077816	0.804545319784429	0.719343050823532	395
HVO_RS01955	201.457032966709	32.7305719557451	0.545083312279184	0.93834020533143	2.62176145325119	704
HVO_RS03500	265.369658535182	372.987566123495	-0.154803727203089	0.205881752618201	-0.491124110453424	296
HVO_RS02535	125.277695552064	79.2187527442556	0.162404436535205	0.416476411759508	0.661215687923518	1169
HVO_RS03835	164.354452413775	136.646692172156	0.0870415252923672	0.182272070587738	0.266360003270365	1166
HVO_RS03085	407.664298656286	708.739402007777	-0.305592617180039	0.626661239241035	-0.797873639330732	317
HVO_RS03550	27.8170803510647	63.1203869076207	-0.299118379966734	0.610221450712761	-1.18213504442898	1019
HVO_RS02965	709.986347145812	516.453039308376	0.250314599942989	0.645224545770904	0.459154110366151	374
HVO_RS19945	168.139621847605	17.4732698736501	0.715557367755963	0.977127170291715	3.26643821507563	881
HVO_RS02380	220.232932921058	525.055254842665	-0.605131835916946	0.921767268466596	-1.25343903358651	1166
HVO_RS03005	129.505507581276	75.0912614412061	0.198402806523045	0.523958841279118	0.786296521255695	1166
HVO_RS20080	NA	NA	NA	NA	NA	194
HVO_RS02165	63.3374733587981	3.4339680319924	1.01192528836594	0.989616747426627	4.20511080295389	1499
HVO_RS03490	127.102132075587	83.6288358765618	0.145624259649793	0.362703404752889	0.603915845310911	1166
HVO_RS02455	11081.6258935496	43411.4567191458	-1.55793168724537	0.995317799149663	-1.96990626582633	878
HVO_RS03695	136.095573548826	180.523303825824	-0.138043111913971	0.164123829835826	-0.407564942659982	683
HVO_RS19720	843.220479267398	412.77351602021	0.37195686216839	0.849230620255089	1.03055949717619	200
HVO_RS19805	851.042228041172	608.269782759446	0.236405538563232	0.616917442158581	0.484519382371725	233
HVO_RS20145	527.785691194189	1031.27346442235	-0.460574642436349	0.827515475434218	-0.966402801792359	719
HVO_RS20160	125.595446220666	224.758012146567	-0.283939197256088	0.569796307332828	-0.839588389041304	1430
HVO_RS20165	112.256590101854	256.512643034933	-0.391555203641681	0.769279638920968	-1.19222979348494	1373
HVO_RS12285	68.0380613029333	28.1071020465164	0.281523692353712	0.701100646264391	1.27540731918247	1193
HVO_RS12345	56.3825919632424	137.120886519888	-0.350674175153561	0.719654573748269	-1.28212663531125	1877
HVO_RS12475	306.370985000325	46.1660814345884	0.658019642799692	0.963304905314077	2.73037448555677	446
HVO_RS12560	169.008097579164	293.664993452115	-0.264603736180302	0.516151375160926	-0.797078927299119	920
HVO_RS12625	22.5485485010377	17.0045271843066	0.119316573537144	0.278584752600862	0.407115675002134	1208
HVO_RS12645	351.406903572479	85.5736522598465	0.541239334867971	0.937478622208416	2.03790396328736	452
HVO_RS12715	311.004209045952	405.080420560759	-0.152527381883319	0.199933201594636	-0.381274248954076	464
HVO_RS12795	68.8971863027741	9.3426281825169	0.605291403652167	0.949583158626587	2.88254470791795	1931
HVO_RS12855	42.8042512276852	4.49589683372831	0.741017475425313	0.978297731049704	3.25107325328943	1712
HVO_RS12955	11.0527874612506	2.5737590399783	0.710310962460844	0.97645517562488	2.10246135918976	734
HVO_RS13045	395.349317292926	352.26793878916	0.0564292936744869	0.101446768127065	0.166454757556638	431
HVO_RS13100	148.363567482728	316.182638290274	-0.422771768313361	0.79588991344656	-1.09162128717601	683
HVO_RS13115	334.24527282179	350.280199545307	-0.0281892196108332	0.00231944049669797	-0.0676022818848283	854
HVO_RS13545	524.590637168938	342.800604799565	0.245984262850582	0.636702815381424	0.613822403999215	389
HVO_RS13795	1807.91883170017	7334.38576738818	-1.53531610695855	0.99329435216034	-2.02034624162431	305
HVO_RS13805	854.781363068425	955.084919111312	-0.0753349524638786	0.0508763822126348	-0.160073559625284	197
HVO_RS13810	255.418960605699	824.230135292444	-0.665109221426009	0.937219526869633	-1.69018158692644	572
HVO_RS14080	22.915210517045	99.6450580451726	-0.56482264293934	0.90799360007167	-2.12049271603774	1964
HVO_RS14085	87.0321309518929	23.2456443416199	0.365934674981735	0.840875689208648	1.90458770438091	473
HVO_RS14205	322.787646796807	51.9188895739823	0.763512322890766	0.977096963348865	2.63625393435656	593
HVO_RS14460	151.301535655554	167.384311753069	-0.0592457386112305	0.0297988743714425	-0.145737685860211	461
HVO_RS14600	95.8415413222243	248.382514114265	-0.536456483598862	0.890972355183495	-1.37384059798947	932
HVO_RS14635	438.858645230996	1107.78893155698	-0.776555557728969	0.961178029956099	-1.33585479615421	620
HVO_RS14640	28.4390945317591	13.8434808980987	0.240853723422298	0.626273616309806	1.03866878237848	1112
HVO_RS14935	68.8763218710285	18.8784281661	0.558394664462541	0.941158117281323	1.86726945239222	818
HVO_RS14985	638.530487236481	115.561270812735	0.71276545606266	0.976788264224627	2.46609753016118	266
HVO_RS15030	940.91372353976	577.316916603482	0.267826054078662	0.67749870106267	0.7046989420798	197
HVO_RS15300	314.558566616751	232.916513546573	0.176732855598065	0.461011630672956	0.433515723918181	707
HVO_RS15530	375.906153301502	316.550613861049	0.0917960390938537	0.195795263370622	0.247936338142799	512
HVO_RS15550	325.571107360213	297.903865802341	0.0432686483080634	0.0708879692059501	0.128125828961568	509
HVO_RS15585	2268.89835600826	582.18667237618	0.763198081165211	0.97712208636568	1.96243826114332	353
HVO_RS15625	183.203671446031	27.6675900010376	0.662687700087804	0.96475105295132	2.72717952780726	932
HVO_RS15645	370.028443979329	86.5000554771927	0.548537502860385	0.939097881694908	2.09686321141307	416
HVO_RS15650	68.4299251714128	4.01093036964193	0.811250752836229	0.973626194919411	4.09261854369699	1919
HVO_RS15690	NA	NA	NA	NA	NA	632
HVO_RS15710	40.608651940917	46.1728268757641	-0.0535333620152613	0.0231564078024027	-0.1852569265136	1169
HVO_RS15770	4235.34730556038	7702.44542515914	-0.548011609476479	0.898692301449236	-0.862836277427994	374
HVO_RS15840	383.242876320562	84.0064466812208	0.570641971795439	0.943492317360444	2.18968702534033	398
HVO_RS15990	96.3540886123005	126.647392121532	-0.138442206464268	0.165058188240277	-0.394399578788856	1241
HVO_RS16010	182.325801235408	89.9266046861079	0.268777534286461	0.679172216962139	1.01969883033486	803
HVO_RS16125	1050.16876424912	2417.77063130449	-0.763502469223064	0.960360638569416	-1.20305619516585	377
HVO_RS16415	203.364948613424	129.669490546956	0.196408751992733	0.518439202752404	0.649231968776008	893
HVO_RS16505	1997.48160076683	1868.58999972253	0.057434998168878	0.10390642182077	0.096232162147314	188
HVO_RS16635	16396.7183891712	41311.6886293953	-0.923828900281908	0.970482746064866	-1.33314292680653	188
HVO_RS16710	NA	NA	NA	NA	NA	326
HVO_RS16735	153.287783278692	303.390396645122	-0.404262415880183	0.780569171333807	-0.984932698273846	917
HVO_RS16740	184.47957609133	736.296459778665	-0.650480321278089	0.932915293792294	-1.99682566184637	626
HVO_RS16790	147.405471804209	171.885489488885	-0.0736992257025938	0.0485994800331304	-0.221657678786951	569
HVO_RS16820	2280.88461265471	4741.01879737346	-0.878460023682726	0.969680539967729	-1.05560364892527	209
HVO_RS16925	151.020460173845	12.7654425153302	0.792702389669875	0.974672052939382	3.5644285634786	1010
HVO_RS16965	92.4253477661097	66.5778376577096	0.138797755837854	0.340675724277164	0.473246552010074	1469
HVO_RS16970	309.073788126802	180.321596233384	0.230896776781894	0.60490669746345	0.777379115938598	497
HVO_RS16975	333.803299588003	61.0682137507615	0.79094697448427	0.974800378887868	2.45050466357564	464
HVO_RS16980	188.265028235939	9.21659964303755	0.846747480866466	0.972988481239768	4.3523866389423	644
HVO_RS16985	313.491691272312	41.5926401748096	0.809117349759517	0.973716035888115	2.91402703568813	554
HVO_RS16990	602.316628678402	232.295017193966	0.557739243217691	0.941026102600637	1.3745638810199	455
HVO_RS17000	398.626346615219	172.229666177109	0.433801452924839	0.906472199388983	1.21070340095762	536
HVO_RS17005	409.232990265839	104.555435497236	0.584932093195408	0.945981081094799	1.9686543875471	392
HVO_RS17010	1156.75750951564	89.8449825327728	1.16127347513906	0.971322191181199	3.68650471700317	176
HVO_RS17015	439.33845477892	163.824600574339	0.624282640747075	0.953683856113299	1.42318076810547	518
HVO_RS17020	171.062665457228	31.2087928672904	0.590831708872073	0.946986779349707	2.45450046392485	743
HVO_RS17025	420.191903527206	50.6758848888768	0.955495325925549	0.979586928353783	3.0516770827085	356
HVO_RS17030	332.019549028553	116.645401210999	0.435639547264375	0.907455483500642	1.50913875908314	398
HVO_RS17040	574.1203334743	358.521460234492	0.329834316539071	0.783144293234814	0.67929367430269	431
HVO_RS17045	2999.95164457118	1676.28849736671	0.404265353977363	0.885439966634512	0.839668781280047	212
HVO_RS17050	176.29532849551	53.4760612899296	0.539439166484193	0.937069473593498	1.72102913175748	914
HVO_RS17055	452.476137637876	167.278881208202	0.626137372865053	0.954140519441756	1.43558639232164	461
HVO_RS17060	452.656028555056	317.606360198123	0.223118076812844	0.587112817572661	0.511175365266598	422
HVO_RS17065	233.675648897651	78.2343528853666	0.530676053757457	0.935040348152996	1.57863325766672	725
HVO_RS17070	825.850250755741	184.959640167241	0.967503349314386	0.981965192767676	2.15866970903971	251
HVO_RS17075	184.931126624401	58.68392147483	0.457493562505114	0.916834723054346	1.65595088642375	746
HVO_RS17080	141.661021871855	68.4688969499904	0.299220136638368	0.730915996773181	1.04892217874533	1016
HVO_RS17085	437.007504670388	1303.57471598217	-0.761721476765098	0.960217515223634	-1.57674331482057	842
HVO_RS17200	94.8875141776392	67.4036084968291	0.184304766008804	0.483704554553326	0.493392432856904	1259
HVO_RS17370	44.0572778234055	42.2152836763944	0.0193462171878961	0.0262165454799949	0.0616149489801995	1649
HVO_RS17375	61.4403359302008	11.2268660413448	0.539883845494426	0.937170845140787	2.45223084582097	917
HVO_RS17380	413.956145172651	32.1719879997288	0.840389236957509	0.973024054111346	3.68560094347901	320
HVO_RS17530	197.735815599006	315.22501871627	-0.260208401720411	0.503821485732999	-0.672807834892263	686
HVO_RS20305	7412.41501632127	25988.2380069589	-1.55724630273936	0.995252657766574	-1.80984325862805	176
HVO_RS17855	9233.51205423424	15764.1995191647	-0.488063758269924	0.851437478929177	-0.771700513968159	230
HVO_RS17925	1543.64476090925	2202.70515906473	-0.28382237336654	0.569477764977952	-0.512935614155582	362
HVO_RS17930	2440.65767306289	2800.73821651479	-0.117175111414626	0.119494545136948	-0.198537185059721	224
HVO_RS17935	2335.25466451345	3100.52908225313	-0.264276448145865	0.515233479270469	-0.408934534204774	200
HVO_RS17940	195.408007755382	72.4762493617719	0.34088962267987	0.801813339742423	1.43090938656929	464
HVO_RS17950	64.351657822727	14.3013488140742	0.403518255096367	0.884767307307058	2.16982609610552	1073
HVO_RS17980	712.155021919077	2460.81500903456	-0.933476375485635	0.970549165699837	-1.78887298136866	356
HVO_RS18000	1422.8158888725	4766.15096084974	-1.39824460929303	0.994677725458316	-1.74407565703451	266
HVO_RS18005	11065.1532955811	45315.9808767796	-1.96134819490356	0.999993300925288	-2.03399647441584	179
HVO_RS18015	1130.67158704795	1990.95504980479	-0.427102944525145	0.799429918481492	-0.816280701990317	341
HVO_RS18020	289.623471958662	243.666395965227	0.0918466031430109	0.195940627033466	0.249271224817543	1046
HVO_RS18025	426.367360539716	424.076209757709	0.00331481072688651	0.00751666676735241	0.00777344901776242	638
HVO_RS18030	3104.65387626524	5096.73804129295	-0.381641926674385	0.75952864289453	-0.715141766576598	479
HVO_RS18105	202.416318096455	266.933249852628	-0.137400045390408	0.162622654433389	-0.399153422509476	782
HVO_RS18110	61.6208850648611	120.411612714516	-0.330835489153353	0.683947033425434	-0.966483225772701	1199
HVO_RS18115	4224.99819238624	4033.63672558724	0.0327790642308648	0.0492362935044238	0.0668695652897789	176
HVO_RS18120	1847.51865449781	2009.67527735524	-0.0548775652242323	0.0246720245796763	-0.121373478646853	194
HVO_RS18125	297.940847755257	32.1504773319482	0.685267155975591	0.971313047661689	3.21211386871203	398
HVO_RS18130	387.131919862856	177.021925956296	0.420156869935334	0.898042135172848	1.12889720210546	437
HVO_RS18135	1350.20439221226	1719.21422017685	-0.186211485793538	0.293591481120357	-0.348571503788905	350
HVO_RS18145	198.987258187903	307.421180257949	-0.202458891715294	0.34048681835093	-0.627540511967557	779
HVO_RS18150	549.635753416743	379.695390275727	0.229852405800643	0.602575707506036	0.533633369598654	392
HVO_RS18155	443.055485640166	332.097940642361	0.201657385578264	0.532838438114503	0.415878608024405	527
HVO_RS18160	2031.3584601182	2576.75005877339	-0.17397928374171	0.258544070860632	-0.343107759784659	503
HVO_RS18225	211.021224643205	18.411352486497	0.694165601850478	0.973475714758081	3.51872059820247	695
HVO_RS20310	148.263530127951	62.279756667813	0.307848615681083	0.745528916158023	1.2513285544074	1154
HVO_RS11955	18.7590419850808	84.6631263150757	-0.558830785944936	0.904952940535209	-2.1741476113366	608
HVO_RS11720	34.4465813501505	25.3167720122677	0.139699608862893	0.343583759031172	0.444267342595541	914
HVO_RS11705	57.0162947108387	20.0514726912652	0.444644934553715	0.911807400623287	1.50766608653815	1286
HVO_RS11700	157.824696982121	43.9120761723627	0.440879354969192	0.910079677070162	1.84563332905966	470
HVO_RS11455	169.722704786879	152.220792073379	0.0515189885212512	0.0896722700593199	0.157014143194838	1133
HVO_RS11405	511.933831019253	1396.38232256211	-0.76278167934109	0.960303844882491	-1.44766474365381	455
HVO_RS11250	4604.73866991393	12329.5703582237	-1.05770121184432	0.982069507191301	-1.4209313405034	206
HVO_RS11245	530.798677306813	552.511702060331	-0.0279200917892196	0.00219909534573304	-0.0578402450777547	392
HVO_RS11065	295.641629833886	1244.17594423813	-0.867309467084868	0.968817849329438	-2.07326918016231	311
HVO_RS10710	533.491065773456	1773.00417570919	-0.848134085585637	0.966795292764723	-1.73265991806688	428
HVO_RS10340	316.994092829071	275.689732033752	0.0731293291861186	0.14413125943678	0.201410420372951	542
HVO_RS10305	1278.67715356648	2747.14835337055	-0.803448004935787	0.962499618489383	-1.10328277016061	248
HVO_RS10300	151.983061147172	65.0069886953267	0.298330491033835	0.729415569545986	1.2252438098695	908
HVO_RS10190	608.156101576955	176.497802366208	0.480417141055692	0.923404008512403	1.78479146220434	275
HVO_RS10185	505.894008820279	127.793658210591	0.614107088213066	0.951362862800959	1.98501890976869	323
HVO_RS10170	84.681219660487	63.5936687931417	0.113327886138664	0.259969562872364	0.413158906581614	848
HVO_RS09940	455.342595139405	2343.50893456051	-1.07589758295286	0.982045608414215	-2.36364596700217	758
HVO_RS09845	180.616903091031	386.475647804883	-0.320162602978016	0.661216454822984	-1.09744459722185	566
HVO_RS09565	349.700218731394	829.710648940901	-0.471960135694564	0.837385930723442	-1.24648960416478	758
HVO_RS09430	54.7910923199079	31.9349356035393	0.179408817233269	0.469107633838061	0.778805824287489	1529
HVO_RS09415	237.817109857093	139.878208694473	0.215892910868562	0.569688426323899	0.765681288295894	368
HVO_RS09410	634.027525729357	1530.71108966749	-0.695769641388046	0.946780842768529	-1.27158463044136	260
HVO_RS09405	578.490328520336	1869.08967106098	-0.921794532278296	0.970483917160622	-1.69197104020634	461
HVO_RS09390	177.874156545525	554.785926081649	-0.637527380119903	0.929456352350736	-1.6410742738455	701
HVO_RS09360	34.082074502004	46.8572284056641	-0.17344338900926	0.257025289726445	-0.459258469686692	1154
HVO_RS09085	89.2531569469791	113.328191532642	-0.110524073517852	0.106968603639393	-0.344531686475628	911
HVO_RS09065	132.409388885177	164.535232364244	-0.0921053977356408	0.0757885364667065	-0.313391120749148	1109
HVO_RS09060	1229.36720799465	1704.78951321835	-0.261847739641768	0.508422278193784	-0.471677715309789	203
HVO_RS08955	84.0937604072475	121.389944351586	-0.166749640278607	0.238240068760985	-0.529578252776768	1760
HVO_RS08935	1756.73935143072	4453.79504430693	-1.17032095545633	0.962104822860175	-1.34213501578892	191
HVO_RS08920	1281.05863780191	4366.26736115906	-1.07232430892362	0.982162748719854	-1.76906396051387	923
HVO_RS08875	71.0330574101679	19.2953940649177	0.39914193235613	0.880674364766824	1.88023407527187	1466
HVO_RS08820	59.9267983893509	106.275029413762	-0.262383546061694	0.509925714545015	-0.82652945369116	1430
HVO_RS08815	154.577344951641	537.261594354222	-0.600576640267085	0.920626725369524	-1.79729582044427	905
HVO_RS08670	2443.10070651172	3111.42842020901	-0.218963950360871	0.387673546707745	-0.348863722924874	257
HVO_RS08570	821.2682990812	421.571347106523	0.506826513489497	0.929488199479325	0.962076796376136	287
HVO_RS08515	214.822127133665	94.494716243715	0.449435983017215	0.913830419547424	1.18483703449645	1007
HVO_RS08450	238.4037533118	457.591390332813	-0.412896392259737	0.787796438634444	-0.940652958733695	545
HVO_RS08200	385.833436246105	352.457989076593	0.0472605865452316	0.0798064386046211	0.130526865481079	533
HVO_RS08070	3671.70684748046	13435.546580144	-1.62590898272841	0.999575893390136	-1.87153223141648	281
HVO_RS08065	968.609535487008	1062.09553423617	-0.0829014676125777	0.0617597173183486	-0.132926429941027	194
HVO_RS08060	255.765136091935	360.204756894002	-0.201218996973413	0.336917271599012	-0.493997613032239	800
HVO_RS08055	740.562873631229	362.939172226544	0.364822477054742	0.839282358061967	1.02889444911919	191
HVO_RS08030	122.259646280039	47.8838891158754	0.300283530790525	0.732710746722468	1.35233606080129	860
HVO_RS07955	44.8179783050129	73.0470753219242	-0.214627316997662	0.37533979231588	-0.704748939420789	1304
HVO_RS07845	5349.43896567484	21299.5407094467	-1.82121772691882	0.994069609775513	-1.99336282266904	269
HVO_RS07395	NA	NA	NA	NA	NA	590
HVO_RS07045	633.247900401799	1319.68040305416	-0.552795840090946	0.901581822292188	-1.05934628990107	530
HVO_RS07000	217.75702377343	78.5423540865093	0.352064053165524	0.81997443735928	1.47117650934226	656
HVO_RS06950	83.1719654233486	54.1466286190615	0.171915990989125	0.446246111735519	0.61922581172357	1139
HVO_RS06875	23.5070043696584	3.57963705143018	0.584822348261559	0.94596241626616	2.71520547845485	2876
HVO_RS06735	76.3765378855981	18.4314034063539	0.441200459207658	0.9102313663862	2.05096359969236	1814
HVO_RS06705	60.14892889731	25.7901630074081	0.369557955877865	0.845960046968651	1.22171815507469	1496
HVO_RS06440	877.775892154982	584.471825827691	0.30309760192713	0.737468040341159	0.586719165526395	308
HVO_RS06435	429.532385446715	209.889573682079	0.332701746678852	0.788028448682126	1.03313640815341	1265
HVO_RS06420	92.5423499549185	83.6979340805622	0.0486338438976889	0.0829512397526037	0.144921721028867	2183
HVO_RS06410	489.883281331302	1933.16718322678	-1.19365081048016	0.95987293477544	-1.98045644792007	614
HVO_RS06405	1250.86886552815	5925.63341593625	-1.79309253280304	0.992756214692857	-2.24403882509055	428
HVO_RS06325	2507.75893817951	6464.11783409147	-0.848736805323623	0.966864756182197	-1.36605482341263	254
HVO_RS06245	371.67605683281	1149.67725858742	-0.609026173704196	0.922704071185427	-1.62911126093368	707
HVO_RS06235	26.5583686012192	16.4922710529138	0.230505101620645	0.604035156148292	0.687376451654026	1406
HVO_RS06230	32.5054702853749	29.3024930465535	0.0395636305764298	0.0629267860035531	0.149659113155321	1760
HVO_RS06225	379.541172175533	770.912624963889	-0.366434655289139	0.742067407266989	-1.02231095875151	320
HVO_RS06220	32.1089253176525	29.5268723515675	0.0476086032099084	0.0806013743419068	0.120945832635394	1046
HVO_RS06215	81.2388457489295	114.751613016788	-0.157248597613354	0.21235530736014	-0.49827278624789	584
HVO_RS06210	3825.35174330363	10859.0875853781	-0.914838278331434	0.970504042807173	-1.50523857280912	257
HVO_RS06200	1062.48181709165	4387.7940259871	-1.23725414692824	0.965734658198096	-2.04605765189211	332
HVO_RS18570	1501.83567085019	3354.29647356883	-0.864898064925697	0.968594444403735	-1.15928324545323	287
HVO_RS18660	47.158859126965	81.557186280055	-0.245639756950971	0.462889910086265	-0.790283186406442	443
HVO_RS18685	216.070345008394	17.5383920952525	0.776990680185419	0.975945671235902	3.62291268640441	587
HVO_RS18880	415.916898403601	118.182813060228	0.522589028183655	0.933142734970922	1.81527505748317	392
HVO_RS18885	97.0334985217127	8.65129089068337	0.716963558618035	0.977281370048758	3.48749556593567	1190
HVO_RS18960	61.355827093305	17.169840159962	0.417472780803179	0.896133802066873	1.83732375735866	1499
HVO_RS19080	448.71726551294	815.756922942152	-0.427069338864511	0.799402409696331	-0.862332629475199	692
HVO_RS19125	231.233194678009	37.9208733543634	0.614213955634085	0.951385709707259	2.6082844223793	680
HVO_RS19255	344.772921973759	380.23017026132	-0.0468892563009301	0.0161695528878177	-0.141226539130358	914
HVO_RS04975	319.56577392034	17.3667687455761	0.920502212159857	0.974525423945831	4.20171164442264	446
HVO_RS04980	11.9949847250119	5.76984661120155	0.302972979819715	0.73725708095818	1.05582644934649	1334
HVO_RS04985	12.8689085182235	4.77063770153531	0.497430616338885	0.927356117676003	1.43163566355024	1079
HVO_RS04990	8.74389560791751	8.9597615986682	-0.0111496425353909	0	-0.0351841685757834	1439
HVO_RS04995	24.0161840401779	31.8264654889817	-0.101323708526232	0.0908118771961555	-0.406220008598726	1049
HVO_RS05250	12667.1086365785	53941.472456298	-1.93785911183531	0.999959083458294	-2.09030764778976	152
HVO_RS05255	2112.38530820444	8673.64827897179	-1.69097622794447	0.99942976147091	-2.03776592983317	278
HVO_RS05260	206.613657708519	96.6482267333555	0.265458491908918	0.673305212051031	1.09612045556187	665
HVO_RS05375	160.778579498624	85.9674808672816	0.233044824335683	0.60964773455041	0.90321227303852	986
HVO_RS05455	342.052429210349	154.715350420539	0.314240823286337	0.756432214368894	1.14460113186488	449
HVO_RS05560	87.1060824446134	104.116529802021	-0.0869642788513737	0.0678419468977426	-0.257353764731295	743
HVO_RS05595	473.769326976562	935.083909744654	-0.474836021056178	0.839892805303782	-0.980911033154274	176
HVO_RS05655	11781.8074346286	18478.6518770731	-0.395184604699039	0.772614825821959	-0.649298629302706	167
HVO_RS05875	458.989283621982	1500.63994781518	-0.659761661611764	0.935603898580792	-1.70904549372821	458
HVO_RS09050	894.638565306806	1334.83347144235	-0.358707126842525	0.731693784902283	-0.577282912949736	359
HVO_RS05545	5211.03092999482	10962.333998513	-0.807667995826081	0.96276993830593	-1.07291427325203	203
HVO_RS11375	253.873691938467	208.814150240837	0.1143954122902	0.263266496116785	0.281891422079136	320
HVO_RS15735	43.0906277698387	45.4255084950857	-0.0240670683889006	0.000736318451244222	-0.0761285475008349	1022
HVO_RS12020	120.48328008648	48.312137242062	0.296792507316142	0.726823844715112	1.31837537065332	1169
HVO_RS18675	11.0096084378455	8.24148698969399	0.118740593109115	0.276781500894563	0.41778659199779	2189
HVO_RS15640	23.2313358132141	12.2764561887827	0.301915952494262	0.735468926510804	0.920177950252828	4193
HVO_RS06205	17.2328735592899	24.5454966374159	-0.181760859930212	0.280774434688398	-0.510295068393681	2201
HVO_RS17035	432.528033833803	165.166025593776	0.437484464630391	0.908409390412198	1.38887668544182	344
HVO_RS12050	16.4030096118269	6.50760819210696	0.336024714249828	0.793657230793493	1.33376124628944	3164
HVO_RS13495	765.987611243926	1902.0488744127	-0.608889521647563	0.922671552375342	-1.31216135376587	581
HVO_RS16995	194.08204080348	29.1231574537856	0.736785724590661	0.978326521609869	2.73642794360393	707
HVO_RS13270	112.992005921504	26.4201099056797	0.44134583058918	0.910300007594775	2.09651233371599	1169
HVO_RS15720	145.703039538849	78.5024381636843	0.239388239571608	0.623224222876718	0.892221606374479	1244
HVO_RS16220	897.043063050424	150.463019676432	0.837112828258457	0.973049924278822	2.57576829464146	188
HVO_RS15560	495.806664315835	90.0861391693289	0.670804798783174	0.967228237628838	2.46040061101012	314
HVO_RS18335	120.782931053079	44.2414013733844	0.308721139342608	0.747013425744756	1.44894759890716	1169
HVO_RS12405	15.4449701589158	9.84229078385584	0.243215333043988	0.631121416022953	0.650071037886304	1046
HVO_RS06850	53.9435969217849	103.344053230486	-0.227157321564958	0.410868495512392	-0.937931745753183	1046
HVO_RS15590	158.574800854041	19.1327827011164	1.05282923937069	0.990787524622633	3.05104490853966	1481
HVO_RS14660	320.982002841363	192.720405763684	0.183308682175809	0.48075841437284	0.735983072844558	2483
HVO_RS15535	229.139622808813	116.000407435642	0.268138125182867	0.67804800195745	0.982097078316121	710
HVO_RS10205	399.649766978624	1539.00264649839	-1.14118347889438	0.968977935485724	-1.9451875593897	662
HVO_RS15305	154.21187111471	372.332283672449	-0.368424072505613	0.744560928784124	-1.27167688570325	1175
HVO_RS14655	NA	NA	NA	NA	NA	1529
HVO_RS15685	NA	NA	NA	NA	NA	272
HVO_RS16920	551.975105249389	179.211407487816	0.514831828639732	0.93133104157127	1.62294072781855	302
HVO_RS15695	NA	NA	NA	NA	NA	290
HVO_RS20090	NA	NA	NA	NA	NA	194
HVO_RS20170	158.312421347217	282.782106707365	-0.340875759886616	0.703103631905011	-0.836916380028375	509
HVO_RS20345	NA	NA	NA	NA	NA	365
HVO_RS20355	NA	NA	NA	NA	NA	255
HVO_RS20405	1108.61606567293	835.172099035887	0.157816465402401	0.401888709041168	0.408614398843155	1034
HVO_RS19590	82.6669407310003	82.3797995061788	0.00158107759621928	0.00613672825439837	0.0050198827125198	779
HVO_RS19475	201.172090368107	22.5507687755502	0.767859055641655	0.976737817683237	3.1571816443974	800
HVO_RS19295	53.3494554306565	37.7480091667417	0.155679524556101	0.395056459846949	0.499072986102811	1226
HVO_RS19335	NA	NA	NA	NA	NA	359
HVO_RS19430	116.587817520692	26.3785329328961	0.46262428240868	0.918521971286217	2.14398081142683	1169
HVO_RS19625	NA	NA	NA	NA	NA	440
HVO_RS20330	NA	NA	NA	NA	NA	437
HVO_RS20385	248.396876913689	280.163619479247	-0.065863404544913	0.038092088155269	-0.173622592703821	1220
HVO_RS20350	358.137710504683	509.768538557256	-0.21533636046134	0.377359171820526	-0.509327900313959	575
HVO_RS19480	453.914343990825	1228.615466418	-0.85397046857304	0.967457906911707	-1.43654146566833	488
HVO_RS19330	349.073872015668	142.493206883245	0.326035179570718	0.776646740594554	1.29263923308353	449
